 H B
0 28.360943737549487 0.0085
1 30.029234545640634 0.009000000000000001
2 28.360943737549487 0.0085
3 30.029234545640634 0.009000000000000001
4 28.456907501615476 0.009000000000000001
5 28.360943737549487 0.0085
6 30.029234545640634 0.009000000000000001
7 28.360943737549487 0.0085
8 28.456907501615476 0.009000000000000001
9 26.78861669352433 0.0085
10 28.360943737549487 0.0085
11 30.029234545640634 0.009000000000000001
12 28.456907501615476 0.009000000000000001
13 30.029234545640634 0.009000000000000001
14 30.029234545640634 0.009000000000000001
15 30.029234545640634 0.009000000000000001
16 28.360943737549487 0.0085
17 28.360943737549487 0.0085
18 31.601561589665792 0.009000000000000001
19 26.78861669352433 0.0085
20 30.029234545640634 0.009000000000000001
21 30.029234545640634 0.009000000000000001
22 26.78861669352433 0.0085
23 30.029234545640634 0.009000000000000001
24 30.029234545640634 0.009000000000000001
25 28.360943737549487 0.0085
26 30.029234545640634 0.009000000000000001
27 30.029234545640634 0.009000000000000001
28 31.601561589665792 0.009000000000000001
29 28.456907501615476 0.009000000000000001
30 31.601561589665792 0.009000000000000001
31 26.78861669352433 0.0085
32 30.029234545640634 0.009000000000000001
33 31.5055978255998 0.0085
34 28.360943737549487 0.0085
35 30.029234545640634 0.009000000000000001
36 28.360943737549487 0.0085
37 28.360943737549487 0.0085
38 30.029234545640634 0.009000000000000001
39 31.601561589665792 0.009000000000000001
40 30.029234545640634 0.009000000000000001
41 26.78861669352433 0.0085
42 30.029234545640634 0.009000000000000001
43 30.029234545640634 0.009000000000000001
44 30.029234545640634 0.009000000000000001
45 30.029234545640634 0.009000000000000001
46 30.029234545640634 0.009000000000000001
47 28.360943737549487 0.0085
48 29.933270781574645 0.0085
49 61.955594246473716 0.0115
50 116.66224267618693 0.018000000000000002
51 195.8174706428714 0.029
52 243.04633890872276 0.0375
53 301.47342401088224 0.047
54 408.60574065885226 0.0645
55 457.5988634968607 0.074
56 469.18093538943276 0.077
57 469.3728629175647 0.078
58 472.613480769681 0.0785
59 475.85409862179733 0.079
60 475.95006238586336 0.0795
61 474.28177157777213 0.079
62 474.28177157777213 0.079
63 474.28177157777213 0.079
64 477.52238942988845 0.0795
65 475.95006238586336 0.0795
66 480.76300728200476 0.08
67 511.40493123101066 0.084
68 581.2221606976102 0.0955
69 657.7125533965743 0.109
70 690.4066232099353 0.1155
71 714.8552027469066 0.12
72 752.2662536923431 0.1265
73 783.1960689335469 0.132
74 806.168285190559 0.137
75 830.5209009634643 0.14100000000000001
76 851.7288626483191 0.145
77 873.0327880972402 0.1495
78 895.8130768261203 0.1535
79 918.4974017909344 0.157
80 941.3736542838805 0.1615
81 990.078885829691 0.1695
82 1017.7680832187787 0.17450000000000002
83 1039.0720086676995 0.179
84 1053.7027708842559 0.1815
85 1076.483059613136 0.1855
86 1121.9476733068302 0.193
87 1170.748868616707 0.2015
88 1190.5764307856684 0.20650000000000002
89 1211.6884287064574 0.21
90 1257.1530424001517 0.2175
91 1288.0828576413555 0.223
92 1343.3652886554648 0.2325
93 1387.3535390692 0.2405
94 1441.0636430392838 0.25
95 1478.5706577487863 0.257
96 1525.7035622505718 0.265
97 1566.4511948121904 0.2725
98 1586.08682945302 0.2765
99 1599.1452646255516 0.279
100 1621.9255533544315 0.28300000000000003
101 1643.0375512752207 0.28650000000000003
102 1652.8553685956354 0.2885
103 1673.9673665164244 0.292
104 1717.7636894020275 0.299
105 1763.3242668597877 0.307
106 1794.2540821009916 0.3125
107 1839.7186957946856 0.32
108 1860.9266574795408 0.324
109 1880.5622921203706 0.328
110 1916.2090884936497 0.3335
111 1943.8982858827376 0.3385
112 1971.4915195077592 0.343
113 2015.287842393362 0.35000000000000003
114 2054.3671841468895 0.357
115 2080.29212696382 0.361
116 2117.6072141451905 0.367
117 2180.9432079075577 0.3775
118 2216.7819318089687 0.384
119 2262.150581738597 0.391
120 2304.374577580175 0.398
121 2341.7856285256116 0.4045
122 2392.0631871154474 0.41250000000000003
123 2419.7523845045343 0.4175
124 2449.1098727017134 0.423
125 2471.794197666528 0.4265
126 2497.815104247524 0.431
127 2523.8360108285206 0.4355
128 2567.4404061859914 0.4415
129 2598.3702214271952 0.447
130 2624.2951642441258 0.451
131 2650.3160708251226 0.4555
132 2685.962867198402 0.461
133 2728.090899275913 0.4675
134 2778.3684578657494 0.47550000000000003
135 2820.496489943261 0.482
136 2849.7580143763735 0.487
137 2872.538303105254 0.491
138 2887.16906532181 0.4935
139 2921.1475708869984 0.4985
140 2951.8854586000707 0.503
141 2984.3876008852994 0.5085000000000001
142 3032.9009049029783 0.5155
143 3068.643665040323 0.5215
144 3101.0498435614863 0.5265
145 3135.124312890741 0.532
146 3157.9046016196207 0.536
147 3211.038923005309 0.5425
148 3259.744154551119 0.5505
149 3314.8346580370962 0.559
150 3334.4702926779264 0.5630000000000001
151 3379.647015079423 0.5690000000000001
152 3408.9085395125353 0.5740000000000001
153 3478.341913922871 0.5835
154 3515.752964868307 0.59
155 3554.640379093703 0.596
156 3582.2336127187245 0.6005
157 3605.0139014476044 0.6045
158 3630.8428805004687 0.608
159 3663.249059021632 0.613
160 3692.318655926613 0.617
161 3724.62887068371 0.6215
162 3768.329229805247 0.628
163 3786.2965736379856 0.6315000000000001
164 3791.2054822981936 0.6325000000000001
165 3794.542063914376 0.6335000000000001
166 3797.782681766492 0.634
167 3817.034461351058 0.636
168 3839.718786315872 0.6395000000000001
169 3863.8794745606447 0.6425
170 3899.5262709339245 0.648
171 3912.5847061064555 0.6505
172 3917.493614766663 0.6515
173 3936.8413581152945 0.654
174 3956.2850652279926 0.657
175 3972.392190724508 0.659
176 3978.9693901928067 0.6605
177 3985.450625897039 0.6615
178 3996.7448064974133 0.663
179 4014.616186566086 0.666
180 4041.92152889891 0.669
181 4064.6058538637235 0.6725
182 4090.4348329165887 0.676
183 4116.359775733518 0.68
184 4135.803482846217 0.683
185 4156.819517002939 0.686
186 4189.1297317600365 0.6905
187 4215.054674576967 0.6945
188 4247.268925569998 0.6985
189 4261.899687786554 0.7010000000000001
190 4271.71750510697 0.7030000000000001
191 4281.439358663318 0.7045
192 4287.920594367551 0.7055
193 4302.455392820041 0.7075
194 4334.669643813072 0.7115
195 4350.776769309588 0.7135
196 4375.033421318427 0.717
197 4399.386037091332 0.721
198 4428.359670232247 0.7245
199 4467.151120693577 0.73
200 4483.450173718224 0.733
201 4490.027373186523 0.7345
202 4504.466207874946 0.736
203 4533.535804779927 0.74
204 4562.509437920842 0.7435
205 4593.247325633914 0.748
206 4622.316922538896 0.752
207 4640.092338843502 0.7545000000000001
208 4649.910156163917 0.7565000000000001
209 4670.830226556574 0.759
210 4691.846260713297 0.762
211 4719.247566810187 0.7655000000000001
212 4746.7448366711415 0.7695
213 4753.322036139441 0.771
214 4758.134981035582 0.7715
215 4763.139853459856 0.773
216 4762.947925931723 0.772
217 4764.616216739814 0.7725
218 4777.57868814828 0.7745
219 4780.819306000396 0.775
220 4782.391633044421 0.775
221 4788.872868748654 0.776
222 4792.113486600771 0.7765
223 4806.64828505326 0.7785
224 4819.51479269766 0.78
225 4833.953627386084 0.7815
226 4859.782606438948 0.785
227 4901.622747224263 0.79
228 4964.382958402233 0.7975
229 4987.259210895179 0.802
230 5000.221682303645 0.804
231 5034.008260340701 0.808
232 5077.516691934106 0.8135
233 5103.441634751037 0.8175
234 5119.644724011619 0.8200000000000001
235 5158.14828318075 0.8240000000000001
236 5193.699115789963 0.8290000000000001
237 5254.886999923909 0.8365
238 5283.95659682889 0.8405
239 5303.4003039415875 0.8435
240 5319.603393202169 0.846
241 5338.951136550801 0.8485
242 5343.860045211008 0.8495
243 5351.913607959266 0.8505
244 5367.9247696917155 0.852
245 5396.994366596697 0.856
246 5430.684980869686 0.8595
247 5450.032724218318 0.862
248 5472.717049183133 0.8655
249 5495.113482855749 0.8675
250 5514.557189968447 0.8705
251 5524.279043524795 0.872
252 5541.9584960653365 0.874
253 5558.065621561851 0.876
254 5578.889728190443 0.878
255 5627.019177151857 0.883
256 5665.714663849121 0.888
257 5680.345426065677 0.8905000000000001
258 5702.9337872664255 0.8935000000000001
259 5715.800294910825 0.895
260 5727.094475511198 0.8965
261 5768.7426887683805 0.9005
262 5784.945778028962 0.903
263 5799.480576481453 0.905
264 5818.732356066019 0.907
265 5830.0265366663925 0.9085
266 5846.037698398843 0.91
267 5871.770713687641 0.913
268 5892.690784080298 0.9155
269 5903.984964680672 0.917
270 5913.610854472954 0.918
271 5937.675578953662 0.9205
272 5950.542086598061 0.922
273 5977.847428930885 0.925
274 6005.152771263708 0.928
275 6021.259896760224 0.93
276 6035.698731448649 0.9315
277 6058.19112888533 0.934
278 6064.768328353629 0.9355
279 6072.72592733782 0.936
280 6085.59243498222 0.9375
281 6096.790651818528 0.9385
282 6101.603596714669 0.9390000000000001
283 6117.614758447119 0.9405
284 6125.764284959443 0.9420000000000001
285 6128.908939047493 0.9420000000000001
286 6140.203119647867 0.9435
287 6148.16071863206 0.9440000000000001
288 6165.8401711726 0.9460000000000001
289 6178.706678816999 0.9475
290 6197.958458401565 0.9495
291 6217.21023798613 0.9515
292 6233.221399718581 0.9530000000000001
293 6252.473179303146 0.9550000000000001
294 6263.76735990352 0.9565
295 6276.537903783853 0.9575
296 6281.446812444061 0.9585
297 6287.8320843842275 0.9590000000000001
298 6295.789683368419 0.9595
299 6307.083863968793 0.961
300 6313.469135908959 0.9615
301 6316.709753761076 0.962
302 6340.5825507136515 0.9635
303 6372.796801706682 0.9675
304 6372.892765470748 0.968
305 6371.320438426723 0.968
306 6376.037419558798 0.968
307 6368.079820574607 0.9675
308 6341.158333298048 0.9665
309 6302.942665421113 0.964
310 6229.751947519362 0.9595
311 6185.055043938196 0.9560000000000001
312 6154.796975045454 0.9540000000000001
313 6137.21348626898 0.9525
314 6118.057670448479 0.9510000000000001
315 6102.142472480096 0.9500000000000001
316 6082.986656659596 0.9485
317 6071.788439823288 0.9475
318 6049.487969914739 0.9460000000000001
319 6027.091536242122 0.9440000000000001
320 6006.363393377596 0.9425
321 5991.924558689172 0.9410000000000001
322 5966.383470928506 0.9390000000000001
323 5958.425871944314 0.9385
324 5945.559364299916 0.937
325 5918.445949495223 0.935
326 5889.66424388244 0.9325
327 5864.123156121774 0.9305
328 5851.256648477375 0.929
329 5835.245486744925 0.9275
330 5811.2767260282835 0.9255
331 5784.067347459526 0.923
332 5763.243240830935 0.921
333 5739.274480114294 0.919
334 5713.637428589562 0.9165
335 5686.332086256738 0.9135
336 5673.561542376405 0.9125
337 5662.363325540096 0.9115
338 5657.454416879889 0.9105
339 5654.213799027773 0.91
340 5649.400854131631 0.9095
341 5635.153946971339 0.909
342 5614.233876578683 0.9065
343 5599.795041890258 0.905
344 5578.970935261666 0.903
345 5556.574501589051 0.901
346 5537.226758240418 0.8985
347 5521.215596507969 0.897
348 5495.5785449832365 0.8945000000000001
349 5471.417856738464 0.8915000000000001
350 5445.780805213732 0.889
351 5434.486624613357 0.8875000000000001
352 5420.047789924933 0.886
353 5392.742447592109 0.883
354 5349.521907290902 0.879
355 5326.933546090153 0.876
356 5288.429986921022 0.872
357 5256.215735927991 0.868
358 5219.2845038028845 0.864
359 5199.840796690187 0.861
360 5188.546616089812 0.8595
361 5170.867163549272 0.8575
362 5157.904692140806 0.8555
363 5149.947093156615 0.855
364 5135.412294704125 0.853
365 5130.503386043916 0.852
366 5124.1181141037505 0.8515
367 5124.022150339684 0.851
368 5119.305169207609 0.851
369 5088.855172786734 0.848
370 5055.068594749679 0.844
371 5014.896744772455 0.8395
372 4992.212419807642 0.836
373 4974.437003503035 0.8335
374 4945.46337036212 0.8300000000000001
375 4895.761594356681 0.8250000000000001
376 4855.397816851326 0.8195
377 4824.6599291382545 0.8150000000000001
378 4819.65505671398 0.8135
379 4813.173821009748 0.8125
380 4798.734986321324 0.811
381 4779.387242972692 0.8085
382 4758.4671725800345 0.806
383 4723.108267498954 0.802
384 4698.755651726047 0.798
385 4682.648526229533 0.796
386 4656.819547176668 0.7925
387 4632.658858931894 0.7895
388 4616.455769671314 0.787
389 4593.963372234631 0.7845
390 4564.89377532965 0.7805
391 4556.64828505326 0.7785
392 4535.728214660603 0.776
393 4506.754581519688 0.7725
394 4485.738547362966 0.7695
395 4459.909568310101 0.766
396 4416.401136716697 0.7605000000000001
397 4382.518594915574 0.756
398 4359.738306186694 0.752
399 4332.337000089805 0.7485
400 4311.320965933081 0.7455
401 4301.503148612666 0.7435
402 4288.636640968267 0.742
403 4278.914787411919 0.7405
404 4230.689374686437 0.735
405 4170.977853832451 0.727
406 4125.705167666889 0.7205
407 4078.860154457301 0.714
408 4044.7856851280476 0.7085
409 4030.0589591474245 0.7055
410 3997.8447081543936 0.7015
411 3954.240312796923 0.6955
412 3915.352898571527 0.6895
413 3867.0315220819803 0.6835
414 3826.3798532844276 0.6765
415 3786.016075779073 0.671
416 3763.235787050193 0.667
417 3695.566667212014 0.6585
418 3671.022123910977 0.6535
419 3646.765471902138 0.65
420 3630.562382641556 0.6475
421 3596.5838770763676 0.6425
422 3588.3383867999783 0.6405
423 3580.1888602876543 0.639
424 3559.268789894998 0.6365000000000001
425 3525.386248093875 0.632
426 3492.9800695727126 0.627
427 3436.5091665708424 0.6195
428 3420.018186018063 0.6155
429 3394.189206965198 0.612
430 3350.584811607727 0.606
431 3300.403216781958 0.5985
432 3242.1680592079297 0.59
433 3191.98646438216 0.5825
434 3136.799997132117 0.5735
435 3088.286693114438 0.5665
436 3036.3408437165117 0.558
437 2979.678013186509 0.5495
438 2927.8281275526483 0.5415
439 2856.630498570156 0.531
440 2786.9092328676224 0.52
441 2759.028107950403 0.514
442 2713.7554217848406 0.5075000000000001
443 2642.5577928023476 0.497
444 2595.424888300562 0.489
445 2558.013837355126 0.4825
446 2520.6027864096895 0.47600000000000003
447 2481.8113359483596 0.47050000000000003
448 2428.197195742342 0.4615
449 2389.2138177528805 0.455
450 2364.861201979975 0.451
451 2316.25193419823 0.4435
452 2290.135063853168 0.4385
453 2262.4458664640806 0.4335
454 2218.8414711066093 0.4275
455 2179.7621293530815 0.4205
456 2156.9818406242016 0.4165
457 2111.517226930507 0.40900000000000003
458 2079.111048409344 0.404
459 2043.2723245079328 0.3975
460 2018.8237449709618 0.393
461 1976.6957128934498 0.3865
462 1911.9793196151895 0.377
463 1863.082160541247 0.368
464 1796.3136213986318 0.356
465 1734.6459184443563 0.34600000000000003
466 1669.6416338738982 0.335
467 1602.7771309672169 0.3225
468 1545.8264091450167 0.3125
469 1492.2122689389985 0.3035
470 1420.630784900242 0.291
471 1378.1188977664663 0.28250000000000003
472 1329.2217386925238 0.2735
473 1255.9719638456759 0.2605
474 1221.7055669882898 0.254
475 1206.8828772436013 0.2505
476 1192.252115027045 0.248
477 1182.338333942564 0.2455
478 1164.4669538738915 0.2425
479 1156.2214635975017 0.2405
480 1132.0607753527286 0.23750000000000002
481 1094.45779687916 0.23
482 1053.902091845673 0.2235
483 1019.635694988287 0.217
484 940.0006482012727 0.20350000000000001
485 881.2856718069152 0.1925
486 817.7577505164163 0.181
487 770.336954722433 0.1715
488 744.2200843773705 0.1665
489 698.7554706836763 0.159
490 661.0565284460419 0.151
491 625.3137683086965 0.145
492 589.3790806432193 0.138
493 550.2037751256256 0.1305
494 524.1828685446292 0.126
495 475.28570947068675 0.117
496 406.9448432840463 0.105
497 356.37939340201274 0.0955
498 317.2040878844191 0.088
499 258.5850752541277 0.0775
500 248.47936664151476 0.074
501 243.4744942172413 0.0725
502 236.99325851300878 0.07150000000000001
503 238.56558555703393 0.07150000000000001
504 235.2290039408516 0.07050000000000001
505 233.65667689682647 0.07050000000000001
506 235.2290039408516 0.07050000000000001
507 233.56071313276047 0.07
508 233.56071313276047 0.07
509 233.56071313276047 0.07
510 233.56071313276047 0.07
511 236.70536722081079 0.07
512 233.56071313276047 0.07
513 233.56071313276047 0.07
514 233.56071313276047 0.07
515 233.56071313276047 0.07
516 231.98838608873533 0.07
517 233.56071313276047 0.07
518 231.89242232466933 0.0695
519 233.56071313276047 0.07
520 233.56071313276047 0.07
521 233.56071313276047 0.07
522 231.98838608873533 0.07
523 231.98838608873533 0.07
524 233.56071313276047 0.07
525 231.98838608873533 0.07
526 233.56071313276047 0.07
527 233.56071313276047 0.07
528 231.89242232466933 0.0695
529 233.56071313276047 0.07
530 231.98838608873533 0.07
531 233.46474936869447 0.0695
532 233.56071313276047 0.07
533 233.56071313276047 0.07
534 231.98838608873533 0.07
535 199.87009885977022 0.0665
536 152.54526682985286 0.0575
537 69.76556595478814 0.044
538 -23.21580729695542 0.0265
539 -65.63173066666533 0.0185
540 -101.56641833214266 0.0115
541 -129.35157948529618 0.006
542 -165.0943396226415 0.0
543 -197.7884094360025 -0.006500000000000001
544 -233.62713333741385 -0.013000000000000001
545 -264.6529123426837 -0.019
546 -285.8608740275386 -0.023
547 -310.3094535645099 -0.0275
548 -331.51741524936483 -0.0315
549 -360.7789396824776 -0.0365
550 -396.7136273479549 -0.043500000000000004
551 -440.50995023355796 -0.0505
552 -481.3535465592428 -0.0585
553 -509.04274394833027 -0.0635
554 -538.3042683814431 -0.0685
555 -577.3836101349706 -0.0755
556 -605.1687712881242 -0.081
557 -627.9490600170043 -0.085
558 -653.9699665980007 -0.0895
559 -680.0868369430631 -0.0945
560 -696.4818537317766 -0.098
561 -719.2621424606567 -0.10200000000000001
562 -750.1919577018606 -0.1075
563 -790.8436264994134 -0.1145
564 -823.4417325487084 -0.1205
565 -839.8367493374219 -0.124
566 -854.4675115539783 -0.1265
567 -865.9536196824843 -0.129
568 -882.2526727071318 -0.132
569 -893.6428170715718 -0.134
570 -935.8668129131497 -0.14100000000000001
571 -968.4649189624447 -0.147
572 -997.7264433955575 -0.152
573 -1019.0303688444784 -0.1565
574 -1038.5700397212422 -0.16
575 -1067.7356003902892 -0.1645
576 -1096.997124823402 -0.1695
577 -1115.0604324202063 -0.17350000000000002
578 -1136.2683941050614 -0.1775
579 -1165.5299185381741 -0.1825
580 -1188.40617103112 -0.187
581 -1203.1328970117424 -0.19
582 -1217.7636592282988 -0.1925
583 -1232.3944214448552 -0.195
584 -1252.030056085685 -0.199
585 -1273.142054006474 -0.2025
586 -1297.4946697793794 -0.20650000000000002
587 -1315.462013612118 -0.21
588 -1336.5740115329068 -0.2135
589 -1367.4078630100448 -0.2185
590 -1388.6158246948999 -0.2225
591 -1408.2514593357296 -0.2265
592 -1435.8446929607512 -0.231
593 -1463.4379265857726 -0.23550000000000001
594 -1489.650760694901 -0.241
595 -1507.5221407635736 -0.244
596 -1535.1153743885952 -0.2485
597 -1561.1362809695916 -0.253
598 -1587.2531513146541 -0.258
599 -1621.3276206439082 -0.2635
600 -1670.0328521897188 -0.2715
601 -1705.87157609113 -0.278
602 -1725.50721073196 -0.28200000000000003
603 -1751.6240810770223 -0.28700000000000003
604 -1787.2708774503017 -0.2925
605 -1818.2006926915055 -0.298
606 -1837.8363273323353 -0.302
607 -1873.4831237056146 -0.3075
608 -1910.9901384151171 -0.3145
609 -1933.8663909080633 -0.319
610 -1966.2725694292262 -0.324
611 -2039.1384892198103 -0.335
612 -2104.238737554334 -0.34650000000000003
613 -2146.654660924044 -0.3545
614 -2177.6804399293137 -0.3605
615 -2205.3696373184016 -0.3655
616 -2262.1284316124697 -0.3745
617 -2299.539482557906 -0.381
618 -2330.565261563176 -0.387
619 -2346.9602783518894 -0.3905
620 -2369.644603316704 -0.394
621 -2389.184274193468 -0.3975
622 -2423.258743522722 -0.403
623 -2475.1086291565825 -0.41100000000000003
624 -2522.145569894302 -0.4185
625 -2553.171348899572 -0.4245
626 -2584.101164140776 -0.43
627 -2626.2291962182876 -0.4365
628 -2671.693809911982 -0.444
629 -2697.810680257044 -0.449
630 -2731.885149586298 -0.4545
631 -2774.0131816638104 -0.461
632 -2819.477795357505 -0.4685
633 -2855.22055549485 -0.47450000000000003
634 -2910.311058980827 -0.483
635 -2949.3904007343544 -0.49
636 -2985.1331608717 -0.496
637 -3038.555373549586 -0.504
638 -3080.8753331552302 -0.5115000000000001
639 -3144.019399389465 -0.521
640 -3171.8045605426187 -0.5265
641 -3204.210739063781 -0.5315
642 -3248.0070619493845 -0.5385
643 -3274.123932294447 -0.5435
644 -3303.289492963494 -0.548
645 -3324.401490884283 -0.5515
646 -3350.3264337012133 -0.5555
647 -3398.8397377188917 -0.5625
648 -3437.8231157083537 -0.5690000000000001
649 -3460.6034044372336 -0.5730000000000001
650 -3489.76896510628 -0.5775
651 -3517.3621987313018 -0.582
652 -3546.5277594003483 -0.5865
653 -3577.2656471134205 -0.591
654 -3600.0459358423004 -0.595
655 -3632.3561505993976 -0.5995
656 -3648.751167388111 -0.603
657 -3690.591308173425 -0.608
658 -3734.387631059028 -0.615
659 -3747.542029995625 -0.618
660 -3763.7451192562066 -0.6205
661 -3781.6164993248794 -0.6235
662 -3800.964242673511 -0.626
663 -3812.4503508020175 -0.6285000000000001
664 -3825.412822210483 -0.6305000000000001
665 -3835.038712002766 -0.6315000000000001
666 -3857.72303696758 -0.635
667 -3870.6855083760447 -0.637
668 -3878.9309986524345 -0.639
669 -3885.412234356667 -0.64
670 -3890.2251792528086 -0.6405
671 -3898.3747057651326 -0.642
672 -3909.6688863655063 -0.6435
673 -3927.444302670113 -0.646
674 -3943.5514281666287 -0.648
675 -3961.422808235301 -0.651
676 -3969.572334747625 -0.6525
677 -3979.294188303974 -0.654
678 -4005.027203592773 -0.657
679 -4013.272693869162 -0.659
680 -4018.1816025293692 -0.66
681 -4029.475783129744 -0.6615
682 -4055.2087984185423 -0.6645
683 -4085.850722367548 -0.6685
684 -4113.4439559925695 -0.673
685 -4140.941225853525 -0.677
686 -4168.438495714481 -0.681
687 -4200.748710471578 -0.6855
688 -4226.673653288508 -0.6895
689 -4246.213324165272 -0.6930000000000001
690 -4259.175795573738 -0.6950000000000001
691 -4278.619502686435 -0.6980000000000001
692 -4301.2078638871835 -0.7010000000000001
693 -4314.170335295648 -0.7030000000000001
694 -4336.758696496397 -0.706
695 -4369.068911253494 -0.7105
696 -4401.37912601059 -0.715
697 -4444.887557603995 -0.7205
698 -4474.053118273043 -0.725
699 -4498.501697810014 -0.7295
700 -4517.849441158645 -0.732
701 -4559.68958194396 -0.737
702 -4613.111794621846 -0.745
703 -4672.7273517117665 -0.7525000000000001
704 -4722.908946537536 -0.76
705 -4766.513341895007 -0.766
706 -4803.636501548246 -0.771
707 -4836.138643833474 -0.7765
708 -4865.208240738455 -0.7805
709 -4879.934966719078 -0.7835
710 -4889.56085651136 -0.7845
711 -4913.625580992068 -0.787
712 -4949.176413601282 -0.792
713 -4971.9567023301615 -0.796
714 -4992.876772722819 -0.7985
715 -5031.476295656016 -0.803
716 -5068.503491545189 -0.8075
717 -5095.904797642078 -0.811
718 -5136.1726113833665 -0.8160000000000001
719 -5158.856936348181 -0.8195
720 -5212.087221497935 -0.8265
721 -5238.012164314865 -0.8305
722 -5247.542090343082 -0.8310000000000001
723 -5263.84114336773 -0.834
724 -5276.803614776195 -0.836
725 -5276.611687248063 -0.835
726 -5307.541502489267 -0.8405
727 -5323.360736693585 -0.841
728 -5357.147314730641 -0.845
729 -5389.64945701587 -0.8505
730 -5407.3289095564105 -0.8525
731 -5415.286508540603 -0.853
732 -5444.260141681517 -0.8565
733 -5476.282465146416 -0.8595
734 -5505.7359171076605 -0.8655
735 -5516.646242651771 -0.865
736 -5555.725584405298 -0.872
737 -5578.026054313848 -0.8735
738 -5618.48579558327 -0.8795000000000001
739 -5653.844700664351 -0.8835000000000001
740 -5666.327353252486 -0.883
741 -5687.727242465473 -0.888
742 -5699.021423065848 -0.8895000000000001
743 -5718.465130178545 -0.8925000000000001
744 -5739.001345514938 -0.893
745 -5788.8950490485095 -0.899
746 -5830.351334777561 -0.902
747 -5869.526640295153 -0.9095
748 -5887.110129071629 -0.911
749 -5909.218671452047 -0.9115
750 -5935.143614268976 -0.9155
751 -5961.164520849973 -0.92
752 -5968.834228541968 -0.919
753 -5990.042190226823 -0.923
754 -6011.058224383545 -0.926
755 -6019.207750895868 -0.9275
756 -6027.165349880061 -0.928
757 -6031.6904034840045 -0.927
758 -6039.839929996328 -0.9285
759 -6054.182800920686 -0.9295
760 -6062.140399904878 -0.93
761 -6075.102871313344 -0.932
762 -6081.392179489444 -0.932
763 -6097.883160042224 -0.936
764 -6112.321994730648 -0.9375
765 -6117.0389758627225 -0.9375
766 -6118.419375378617 -0.9365
767 -6145.916645239572 -0.9405
768 -6174.410459560157 -0.9415
769 -6210.057255933436 -0.9470000000000001
770 -6214.390382009247 -0.9450000000000001
771 -6255.0420508068 -0.9520000000000001
772 -6264.571976835017 -0.9525
773 -6272.337648291077 -0.9520000000000001
774 -6292.069246695973 -0.9565
775 -6283.343937599253 -0.9520000000000001
776 -6298.358554872073 -0.9565
777 -6312.605462032367 -0.9570000000000001
778 -6321.943460532451 -0.9565
779 -6372.12505535822 -0.964
780 -6373.889309930377 -0.965
781 -6360.447019701583 -0.9605
782 -6367.120182933947 -0.9625
783 -6316.229934940746 -0.9595
784 -6298.93433745647 -0.9595
785 -6269.768776787423 -0.9550000000000001
786 -6226.836127778413 -0.9525
787 -6173.472972045624 -0.9530000000000001
788 -6136.7336674486505 -0.9500000000000001
789 -6095.277381719599 -0.9470000000000001
790 -6037.138187909638 -0.9390000000000001
791 -5995.5859384165215 -0.9355
792 -5976.622050124154 -0.935
793 -5941.455072571205 -0.932
794 -5933.977292407342 -0.934
795 -5904.907695502363 -0.93
796 -5882.703189357879 -0.929
797 -5848.436792500492 -0.9225
798 -5829.280976679992 -0.921
799 -5802.359489403432 -0.92
800 -5796.2621087554635 -0.921
801 -5764.431712818697 -0.919
802 -5737.126370485873 -0.916
803 -5706.388482772802 -0.9115
804 -5684.088012864251 -0.91
805 -5672.889796027943 -0.909
806 -5663.359869999726 -0.9085
807 -5637.818782239059 -0.9065
808 -5599.411186833993 -0.903
809 -5567.292899605029 -0.8995
810 -5551.185774108513 -0.8975
811 -5522.212140967598 -0.894
812 -5491.474253254526 -0.8895000000000001
813 -5483.708581798466 -0.89
814 -5461.0242568336525 -0.8865000000000001
815 -5438.627823161037 -0.8845000000000001
816 -5419.567971104602 -0.8835000000000001
817 -5368.389831819203 -0.879
818 -5323.021181889575 -0.872
819 -5300.144929396629 -0.8675
820 -5274.891732928161 -0.867
821 -5250.443153391189 -0.8625
822 -5240.817263598907 -0.8615
823 -5223.425702350563 -0.861
824 -5197.788650825832 -0.8585
825 -5167.146726876826 -0.8545
826 -5136.408839163753 -0.85
827 -5100.762042790475 -0.8445
828 -5088.375353966405 -0.8455
829 -5049.200048448811 -0.838
830 -5046.439249417025 -0.84
831 -5025.423215260302 -0.837
832 -5005.979508147604 -0.834
833 -5002.834854059554 -0.834
834 -4977.005875006689 -0.8305
835 -4962.663004082331 -0.8295
836 -4938.502315837557 -0.8265
837 -4909.528682696643 -0.8230000000000001
838 -4873.785922559298 -0.8170000000000001
839 -4875.550177131455 -0.8180000000000001
840 -4856.2024337828225 -0.8155
841 -4839.999344522242 -0.8130000000000001
842 -4833.518108818009 -0.812
843 -4815.646728749336 -0.809
844 -4791.869895560827 -0.808
845 -4759.655644567796 -0.804
846 -4741.688300735057 -0.8005
847 -4733.730701750866 -0.8
848 -4719.099939534309 -0.7975
849 -4696.5115783335605 -0.7945
850 -4685.1214339691205 -0.7925
851 -4670.490671752565 -0.79
852 -4672.254926324722 -0.791
853 -4659.484382444389 -0.79
854 -4640.040675331691 -0.787
855 -4622.36122279115 -0.785
856 -4606.062169766503 -0.782
857 -4598.008607018244 -0.781
858 -4578.564899905547 -0.778
859 -4567.4626468333045 -0.7775
860 -4549.591266764632 -0.7745
861 -4525.334614755793 -0.771
862 -4507.655162215252 -0.769
863 -4494.692690806787 -0.767
864 -4486.543164294463 -0.7655000000000001
865 -4472.104329606039 -0.764
866 -4455.9972041095225 -0.762
867 -4420.542335264376 -0.7575000000000001
868 -4397.858010299562 -0.754
869 -4372.029031246697 -0.7505000000000001
870 -4352.681287898065 -0.748
871 -4341.2911435336255 -0.746
872 -4333.1416170213015 -0.7445
873 -4328.328672125161 -0.744
874 -4320.275109376902 -0.743
875 -4294.542094088104 -0.74
876 -4281.579622679639 -0.738
877 -4273.334132403249 -0.736
878 -4262.135915566941 -0.735
879 -4245.93282630636 -0.7325
880 -4220.199811017561 -0.7295
881 -4199.183776860838 -0.7265
882 -4182.980687600257 -0.724
883 -4170.018216191791 -0.722
884 -4152.242799887184 -0.7195
885 -4132.799092774487 -0.7165
886 -4118.264294321996 -0.7145
887 -4105.3018229135305 -0.7125
888 -4082.713461712783 -0.7095
889 -4072.991608156434 -0.708
890 -4060.0291367479686 -0.706
891 -4045.5903020595442 -0.7045
892 -4029.387212798963 -0.7020000000000001
893 -4017.997068434523 -0.7000000000000001
894 -4005.1305607901236 -0.6985
895 -3977.633290929168 -0.6945
896 -3950.2319848322786 -0.6910000000000001
897 -3916.2534792670904 -0.686
898 -3863.023194117336 -0.679
899 -3840.242905388456 -0.675
900 -3824.0398161278745 -0.6725
901 -3803.0237819711515 -0.6695
902 -3786.8206927105703 -0.667
903 -3768.9493126418974 -0.664
904 -3749.6015692932656 -0.6615
905 -3743.024369824967 -0.66
906 -3739.6877882087847 -0.659
907 -3730.061898416502 -0.658
908 -3720.3400448601524 -0.6565
909 -3683.3128489709807 -0.652
910 -3649.334343405792 -0.647
911 -3637.848235277286 -0.6445
912 -3624.8857638688205 -0.6425
913 -3603.869729712098 -0.6395000000000001
914 -3578.0407506592337 -0.636
915 -3563.4099884426773 -0.6335000000000001
916 -3536.0086823457877 -0.63
917 -3506.8431216767412 -0.6255000000000001
918 -3493.7846865042097 -0.623
919 -3471.196325303462 -0.62
920 -3421.206658005824 -0.6135
921 -3396.7580784688525 -0.609
922 -3378.8866984001797 -0.606
923 -3332.1376489546583 -0.6
924 -3291.581943921172 -0.5935
925 -3257.6034383559836 -0.5885
926 -3230.010204730962 -0.584
927 -3202.4169711059403 -0.5795
928 -3166.866138496727 -0.5745
929 -3113.443925818841 -0.5665
930 -3081.037747297678 -0.5615
931 -3055.0168407166816 -0.557
932 -3030.6642249437764 -0.553
933 -3003.166955082821 -0.549
934 -2940.1188526126516 -0.54
935 -2910.7613644154726 -0.5345
936 -2879.927512938335 -0.5295
937 -2857.2431879735213 -0.526
938 -2844.1847528009894 -0.5235
939 -2805.489266103726 -0.5185
940 -2766.6018518783303 -0.5125
941 -2738.9126544892433 -0.5075000000000001
942 -2730.667164212853 -0.5055000000000001
943 -2722.517637700529 -0.504
944 -2712.7957841441807 -0.5025000000000001
945 -2690.1114591793666 -0.499
946 -2657.801244422269 -0.4945
947 -2606.14328631654 -0.4875
948 -2571.8768894591544 -0.481
949 -2545.855982878158 -0.47650000000000003
950 -2529.5569298535106 -0.47350000000000003
951 -2505.300277844671 -0.47000000000000003
952 -2493.814169716165 -0.4675
953 -2471.225808515417 -0.4645
954 -2438.819629994254 -0.4595
955 -2409.558105561141 -0.4545
956 -2381.9648719361194 -0.45
957 -2364.0934918674466 -0.447
958 -2349.366765886825 -0.444
959 -2334.8319674343343 -0.442
960 -2320.2971689818437 -0.44
961 -2286.126735888524 -0.434
962 -2263.4424109237098 -0.4305
963 -2234.276850254663 -0.426
964 -2203.4429987775247 -0.421
965 -2159.646675891922 -0.41400000000000003
966 -2119.090970858435 -0.40750000000000003
967 -2058.9955949481846 -0.3975
968 -2021.5845440027479 -0.391
969 -1987.5100746734938 -0.3855
970 -1951.6713507720826 -0.379
971 -1925.55448042702 -0.374
972 -1901.2018646541148 -0.37
973 -1876.8492488812094 -0.366
974 -1847.5877244480967 -0.361
975 -1829.620380615358 -0.3575
976 -1805.2677648424528 -0.3535
977 -1761.47144195685 -0.34650000000000003
978 -1714.3385374550646 -0.3385
979 -1667.2056329532788 -0.3305
980 -1626.5539641557261 -0.3235
981 -1595.5281851504565 -0.3175
982 -1574.4161872296675 -0.314
983 -1551.5399347367213 -0.3095
984 -1528.7596460078412 -0.3055
985 -1504.31106647087 -0.301
986 -1488.0120134462225 -0.298
987 -1447.3603446486695 -0.291
988 -1406.708675851117 -0.28400000000000003
989 -1365.9610432894983 -0.2765
990 -1331.790610196178 -0.2705
991 -1295.9518862947666 -0.264
992 -1265.0220710535627 -0.2585
993 -1238.9052007085004 -0.2535
994 -1222.5101839197869 -0.25
995 -1206.2111308951394 -0.247
996 -1196.3933135747245 -0.245
997 -1173.7089886099104 -0.2415
998 -1133.0573198123577 -0.23450000000000001
999 -1103.699831615179 -0.229
1000 -1059.8075449655098 -0.2215
1001 -1020.6322394479162 -0.214
1002 -1004.1412588951367 -0.21
1003 -994.4194053387878 -0.2085
1004 -976.5480252701152 -0.20550000000000002
1005 -911.6397044637231 -0.195
1006 -865.8871994778309 -0.186
1007 -792.7333883950491 -0.17350000000000002
1008 -759.7514272894903 -0.1655
1009 -753.0782640571256 -0.1635
1010 -748.0733916328522 -0.162
1011 -741.5921559286195 -0.161
1012 -728.7256482842203 -0.1595
1013 -654.2874014496113 -0.1485
1014 -538.7176669971195 -0.128
1015 -468.4206187101901 -0.114
1016 -394.9789163352104 -0.1
1017 -345.9857934972018 -0.0905
1018 -310.05110583172456 -0.0835
1019 -266.1588191820555 -0.076
1020 -226.8875499003959 -0.068
1021 -216.877805051849 -0.065
1022 -213.5412234356667 -0.064
1023 -210.2046418194844 -0.063
1024 -210.1086780554184 -0.0625
1025 -208.44038724732727 -0.062
1026 -206.86806020330212 -0.062
1027 -205.29573315927698 -0.062
1028 -205.29573315927698 -0.062
1029 -208.53635101139326 -0.0625
1030 -205.19976939521098 -0.0615
1031 -208.44038724732727 -0.062
1032 -205.19976939521098 -0.0615
1033 -203.53147858711984 -0.061
1034 -205.19976939521098 -0.0615
1035 -203.62744235118583 -0.0615
1036 -203.62744235118583 -0.0615
1037 -205.19976939521098 -0.0615
1038 -205.19976939521098 -0.0615
1039 -205.19976939521098 -0.0615
1040 -205.19976939521098 -0.0615
1041 -203.53147858711984 -0.061
1042 -206.77209643923612 -0.0615
1043 -205.10380563114498 -0.061
1044 -205.19976939521098 -0.0615
1045 -203.62744235118583 -0.0615
1046 -206.77209643923612 -0.0615
1047 -206.77209643923612 -0.0615
1048 -203.62744235118583 -0.0615
1049 -203.62744235118583 -0.0615
1050 -205.19976939521098 -0.0615
1051 -201.9591515430947 -0.061
1052 -205.10380563114498 -0.061
1053 -205.19976939521098 -0.0615
1054 -205.19976939521098 -0.0615
1055 -205.19976939521098 -0.0615
1056 -203.62744235118583 -0.0615
1057 -203.62744235118583 -0.0615
1058 -201.9591515430947 -0.061
1059 -205.19976939521098 -0.0615
1060 -165.02791941798813 -0.057
1061 -130.761522560602 -0.0505
1062 -64.18491094611878 -0.0395
1063 33.513443437700275 -0.022
1064 89.08376574400737 -0.011
1065 133.07201615774244 -0.003
1066 169.00670382321974 0.004
1067 201.60480987251475 0.01
1068 235.7752429658349 0.016
1069 279.76349337957 0.024
1070 325.4200346013962 0.0325
1071 380.7984293795713 0.0425
1072 424.7866797933064 0.0505
1073 470.34725725106665 0.0585
1074 522.4850341771255 0.068
1075 552.0344499024361 0.0745
1076 579.7236472915238 0.0795
1077 613.8940803848438 0.0855
1078 674.0854200591605 0.096
1079 706.7794898725215 0.10250000000000001
1080 732.8003964535178 0.107
1081 754.1043219024389 0.1115
1082 773.7399565432686 0.1155
1083 785.2260646717747 0.11800000000000001
1084 817.6322431929377 0.123
1085 869.6740563549306 0.132
1086 897.4592175080841 0.1375
1087 918.6671791929391 0.14150000000000001
1088 952.7416485221931 0.147
1089 985.4357183355542 0.1535
1090 1027.6597141771322 0.1605
1091 1053.8725482862606 0.166
1092 1070.171601310908 0.169
1093 1089.711272187672 0.17250000000000001
1094 1109.2509430644357 0.176
1095 1130.4589047492905 0.18
1096 1149.9985756260544 0.1835
1097 1172.7788643549347 0.1875
1098 1200.3720979799562 0.192
1099 1221.580059664811 0.196
1100 1245.9326754377164 0.2
1101 1262.4236559904957 0.20400000000000001
1102 1270.5731825028197 0.20550000000000002
1103 1283.535653911285 0.20750000000000002
1104 1311.1288875363064 0.212
1105 1348.6359022458087 0.219
1106 1384.282698619088 0.2245
1107 1407.2549148761004 0.2295
1108 1430.0352036049803 0.2335
1109 1452.8154923338607 0.23750000000000002
1110 1496.6118152194636 0.2445
1111 1530.9741758409157 0.2515
1112 1558.567409465937 0.256
1113 1587.924897663116 0.2615
1114 1620.427039948345 0.267
1115 1659.4104179378069 0.2735
1116 1704.8750316315009 0.281
1117 1734.3284835927457 0.28700000000000003
1118 1771.6435707741161 0.293
1119 1810.8188762917098 0.3005
1120 1838.5080736807972 0.3055
1121 1866.197271069885 0.3105
1122 1895.4587955029974 0.3155
1123 1939.3510821526665 0.323
1124 1954.173771897355 0.3265
1125 1978.5263876702602 0.3305
1126 2023.7990738358226 0.337
1127 2122.6859002074025 0.3525
1128 2197.6039658623417 0.366
1129 2264.180577476825 0.377
1130 2314.7460273588586 0.3865
1131 2360.306604816619 0.3945
1132 2394.573001674005 0.401
1133 2420.6898720190675 0.406
1134 2451.523723496205 0.41100000000000003
1135 2492.079428529692 0.4175
1136 2531.1587702832194 0.4245
1137 2568.47385746459 0.4305
1138 2593.018400765627 0.4355
1139 2619.039307346624 0.44
1140 2648.3008317797367 0.445
1141 2693.669481709365 0.452
1142 2723.026969906544 0.4575
1143 2753.764857619615 0.462
1144 2778.2134371565867 0.4665
1145 2809.1432523977905 0.47200000000000003
1146 2851.175320711236 0.47800000000000004
1147 2901.4528793010722 0.486
1148 2964.596945535307 0.4955
1149 3002.10396024481 0.5025000000000001
1150 3031.461448441988 0.508
1151 3063.963590727217 0.5135
1152 3099.610387100496 0.519
1153 3114.4330768451846 0.5225
1154 3130.6361661057663 0.525
1155 3169.4276165670963 0.5305
1156 3200.3574318083 0.536
1157 3221.469429729089 0.5395
1158 3247.4903363100857 0.544
1159 3284.70945972739 0.5495
1160 3304.249130604154 0.553
1161 3330.1740734210844 0.557
1162 3354.5266891939896 0.561
1163 3375.5427233507125 0.5640000000000001
1164 3393.5100671834507 0.5675
1165 3440.259116628972 0.5735
1166 3492.109002262833 0.5815
1167 3545.531214940719 0.5895
1168 3592.5681556784384 0.597
1169 3625.070297963668 0.6025
1170 3657.572440248897 0.608
1171 3683.4973830658273 0.612
1172 3709.422325882758 0.616
1173 3746.641449300062 0.6215
1174 3767.849410984917 0.6255000000000001
1175 3780.907846157448 0.628
1176 3798.6832624620547 0.6305000000000001
1177 3827.752859367036 0.6345000000000001
1178 3868.1166368723902 0.64
1179 3918.202267934094 0.647
1180 3958.757972967581 0.6535
1181 3992.8324422968353 0.659
1182 4023.5703300099067 0.6635
1183 4041.5376738426457 0.667
1184 4054.5001452511115 0.669
1185 4067.4626166595763 0.671
1186 4083.6657059201575 0.6735
1187 4098.296468136714 0.676
1188 4120.884829337462 0.679
1189 4137.087918598044 0.6815
1190 4151.7186808146 0.684
1191 4175.879369059374 0.687
1192 4201.708348112237 0.6905
1193 4232.4462358253095 0.6950000000000001
1194 4271.2376862866395 0.7005
1195 4314.746117880044 0.706
1196 4344.103606077223 0.7115
1197 4370.12451265822 0.716
1198 4383.086984066685 0.718
1199 4386.423565682867 0.719
1200 4388.091856490958 0.7195
1201 4391.236510579009 0.7195
1202 4397.7177462832415 0.7205
1203 4412.156580971665 0.722
1204 4445.9431590087215 0.726
1205 4489.547554366192 0.732
1206 4528.339004827522 0.7375
1207 4544.63805785217 0.7405
1208 4559.268820068726 0.743
1209 4597.868343001925 0.7475
1210 4630.274521523086 0.7525000000000001
1211 4651.2905556798105 0.7555000000000001
1212 4667.493644940392 0.758
1213 4696.5632418453715 0.762
1214 4712.8622948700195 0.765
1215 4732.1140744545855 0.767
1216 4759.611344315541 0.771
1217 4803.119775908946 0.7765
1218 4849.868825354468 0.7825
1219 4874.221441127373 0.7865
1220 4898.478093136212 0.79
1221 4943.558851773643 0.7955
1222 4991.976192027256 0.802
1223 5037.056950664685 0.8075
1224 5087.142581726389 0.8145
1225 5113.067524543319 0.8185
1226 5135.751849508134 0.8220000000000001
1227 5180.736644381499 0.8270000000000001
1228 5240.352201471418 0.8345
1229 5272.7583799925815 0.8395
1230 5292.202087105279 0.8425
1231 5311.5498304539105 0.845
1232 5338.951136550801 0.8485
1233 5361.53949775155 0.8515
1234 5371.261351307898 0.853
1235 5380.983204864247 0.8545
1236 5406.7162201530455 0.8575
1237 5422.823345649561 0.8595
1238 5453.369305834501 0.863
1239 5482.342938975416 0.8665
1240 5512.888899160355 0.87
1241 5537.241514933261 0.874
1242 5562.878566457994 0.8765000000000001
1243 5580.6539827626 0.879
1244 5598.429399067207 0.8815000000000001
1245 5636.932958236339 0.8855000000000001
1246 5653.13604749692 0.888
1247 5664.430228097293 0.8895000000000001
1248 5691.735570430117 0.8925000000000001
1249 5723.853857659083 0.896
1250 5743.201601007714 0.8985
1251 5767.4582530165535 0.902
1252 5793.095304541286 0.9045
1253 5814.015374933942 0.907
1254 5833.363118282575 0.9095
1255 5847.801952970999 0.911
1256 5855.951479483323 0.9125
1257 5868.8179871277225 0.914
1258 5878.443876920006 0.915
1259 5888.069766712288 0.916
1260 5891.40634832847 0.917
1261 5899.363947312662 0.9175
1262 5913.70681823702 0.9185
1263 5929.813943733536 0.9205
1264 5945.921069230051 0.9225
1265 5958.787576874451 0.924
1266 5966.841139622709 0.925
1267 5986.0929192072745 0.927
1268 6016.542915628148 0.93
1269 6047.088875813088 0.9335
1270 6083.924144174129 0.937
1271 6104.940178330851 0.9400000000000001
1272 6106.608469138942 0.9405
1273 6122.715594635458 0.9425
1274 6161.027226276458 0.9455
1275 6206.012021149822 0.9505
1276 6225.359764498455 0.9530000000000001
1277 6236.653945098828 0.9545
1278 6257.478051727419 0.9565
1279 6289.500375192319 0.9595
1280 6299.2222287486675 0.961
1281 6302.462846600783 0.9615
1282 6315.233390481117 0.9625
1283 6318.474008333233 0.963
1284 6321.7146261853495 0.9635
1285 6321.7146261853495 0.9635
1286 6328.099898125516 0.964
1287 6374.369128750708 0.9675
1288 6403.342761891622 0.971
1289 6421.022214432163 0.973
1290 6430.744067988512 0.9745
1291 6432.316395032538 0.9745
1292 6430.744067988512 0.9745
1293 6430.8400317525775 0.975
1294 6430.744067988512 0.9745
