MIN=0	-3	-1000	0	
MAX=226,27417	3	1000	5	
SCALE=100	1	500	1	
DEC=1	3	0	3	
DEF="Zeit" t / s	"Strom" I_A1 / A	"Magn. Flussdichte" B_B1 / mT	"Frequenz" f / Hz	
0	0	8	NAN	
0,1	0	8	NAN	
0,2	-0,0015	8	NAN	
0,3	0	8	NAN	
0,4	0,0015	8	NAN	
0,5	0,0015	8	NAN	
0,6	0,0015	8	NAN	
0,7	0	8	NAN	
0,8	0	8	NAN	
0,9	0,0015	8	NAN	
1	0	8	NAN	
1,1	-0,0015	8	NAN	
1,2	0	8	NAN	
1,3	0,0015	8	NAN	
1,4	0	8,5	NAN	
1,5	0,0015	8	NAN	
1,6	0	8	NAN	
1,7	-0,0015	8	NAN	
1,8	-0,0015	8	NAN	
1,9	0	8	NAN	
2	0	8	NAN	
2,1	0	8	NAN	
2,2	0,0015	8	NAN	
2,3	0,0015	8	NAN	
2,4	0	8	NAN	
2,5	0,0015	8	NAN	
2,6	0	8	NAN	
2,7	0	8	NAN	
2,8	0,0015	8	NAN	
2,9	-0,0015	8,5	NAN	
3	0	8	NAN	
3,1	-0,0015	8	NAN	
3,2	0	8	NAN	
3,3	-0,0015	8	NAN	
3,4	0	8	NAN	
3,5	-0,0015	8,5	NAN	
3,6	0	8	NAN	
3,7	0	8	NAN	
3,8	0	8	NAN	
3,9	0	8	NAN	
4	0	8	NAN	
4,1	0	8	NAN	
4,2	-0,0015	8	NAN	
4,3	0	8,5	NAN	
4,4	0,0015	8	NAN	
4,5	0	8	NAN	
4,6	0,0315	12,5	NAN	
4,7	0,081	24	NAN	
4,8	0,096	32	NAN	
4,9	0,0975	34	NAN	
5	0,1005	36	NAN	
5,1	0,1095	38,5	NAN	
5,2	0,132	45	NAN	
5,3	0,153	52,5	NAN	
5,4	0,1755	61,5	NAN	
5,5	0,1965	70	NAN	
5,6	0,2115	77	NAN	
5,7	0,234	86,5	NAN	
5,8	0,243	92,5	NAN	
5,9	0,252	96,5	NAN	
6	0,2805	107,5	NAN	
6,1	0,3	116,5	NAN	
6,2	0,315	125	NAN	
6,3	0,3165	127,5	NAN	
6,4	0,324	130,5	NAN	
6,5	0,3435	137,5	NAN	
6,6	0,348	141	NAN	
6,7	0,357	146,5	NAN	
6,8	0,3705	152	NAN	
6,9	0,3975	162	NAN	
7	0,411	169,5	NAN	
7,1	0,4185	175	NAN	
7,2	0,4335	181	NAN	
7,3	0,45	187,5	NAN	
7,4	0,4635	194,5	NAN	
7,5	0,48	202,5	NAN	
7,6	0,4875	206,5	NAN	
7,7	0,498	211,5	NAN	
7,8	0,51	217	NAN	
7,9	0,525	223	NAN	
8	0,54	229	NAN	
8,1	0,543	231,5	NAN	
8,2	0,546	233,5	NAN	
8,3	0,555	237	NAN	
8,4	0,57	243,5	NAN	
8,5	0,585	249,5	NAN	
8,6	0,5985	255,5	NAN	
8,7	0,612	262	NAN	
8,8	0,6255	267,5	NAN	
8,9	0,636	272,5	NAN	
9	0,6525	278,5	NAN	
9,1	0,666	284,5	NAN	
9,2	0,6825	290,5	NAN	
9,3	0,696	296,5	NAN	
9,4	0,705	301,5	NAN	
9,5	0,711	305,5	NAN	
9,6	0,7275	310	NAN	
9,7	0,7485	318,5	NAN	
9,8	0,7785	329	NAN	
9,9	0,789	335	NAN	
10	0,798	338,5	NAN	
10,1	0,8145	344,5	NAN	
10,2	0,8235	350,5	NAN	
10,3	0,831	353	NAN	
10,4	0,8385	355,5	NAN	
10,5	0,843	358,5	NAN	
10,6	0,8655	364,5	NAN	
10,7	0,8685	368,5	NAN	
10,8	0,876	371	NAN	
10,9	0,8895	375	NAN	
11	0,9	379,5	NAN	
11,1	0,906	382	NAN	
11,2	0,9255	388,5	NAN	
11,3	0,945	395,5	NAN	
11,4	0,9585	401	NAN	
11,5	0,9705	405,5	NAN	
11,6	0,9885	411,5	NAN	
11,7	1,002	416,5	NAN	
11,8	1,005	419,5	NAN	
11,9	1,011	422	NAN	
12	1,017	423,5	NAN	
12,1	1,032	428,5	NAN	
12,2	1,047	434	NAN	
12,3	1,0575	438,5	NAN	
12,4	1,0755	444	NAN	
12,5	1,092	449	NAN	
12,6	1,107	455	NAN	
12,7	1,119	459,5	NAN	
12,8	1,1325	464	NAN	
12,9	1,1445	468,5	NAN	
13	1,1565	473,5	NAN	
13,1	1,1625	476,5	NAN	
13,2	1,1655	478,5	NAN	
13,3	1,176	481	NAN	
13,4	1,1865	484,5	NAN	
13,5	1,2045	490	NAN	
13,6	1,2165	494,5	NAN	
13,7	1,2375	500,5	NAN	
13,8	1,263	508,5	NAN	
13,9	1,2975	519	NAN	
14	1,311	525,5	NAN	
14,1	1,311	527,5	NAN	
14,2	1,3095	528	NAN	
14,3	1,311	528,5	NAN	
14,4	1,3155	529,5	NAN	
14,5	1,3455	535,5	NAN	
14,6	1,3635	542,5	NAN	
14,7	1,3905	551	NAN	
14,8	1,416	558,5	NAN	
14,9	1,425	563,5	NAN	
15	1,4355	567,5	NAN	
15,1	1,458	573	NAN	
15,2	1,4775	579,5	NAN	
15,3	1,488	583,5	NAN	
15,4	1,5	588,5	NAN	
15,5	1,512	592	NAN	
15,6	1,5195	595	NAN	
15,7	1,5285	598	NAN	
15,8	1,539	601	NAN	
15,9	1,551	605	NAN	
16	1,5675	608,5	NAN	
16,1	1,5825	613	NAN	
16,2	1,599	619	NAN	
16,3	1,6065	622	NAN	
16,4	1,6095	624	NAN	
16,5	1,614	625,5	NAN	
16,6	1,6245	628	NAN	
16,7	1,6305	630	NAN	
16,8	1,641	633,5	NAN	
16,9	1,6545	636,5	NAN	
17	1,665	640	NAN	
17,1	1,671	642,5	NAN	
17,2	1,6755	644	NAN	
17,3	1,6845	647	NAN	
17,4	1,6935	649,5	NAN	
17,5	1,7085	653,5	NAN	
17,6	1,7205	657	NAN	
17,7	1,7295	660,5	NAN	
17,8	1,749	665	NAN	
17,9	1,773	672,5	NAN	
18	1,7715	674,5	NAN	
18,1	1,7715	675	NAN	
18,2	1,773	676	NAN	
18,3	1,773	676,5	NAN	
18,4	1,779	677,5	NAN	
18,5	1,7955	680,5	NAN	
18,6	1,812	684,5	NAN	
18,7	1,8285	689,5	NAN	
18,8	1,8405	694	NAN	
18,9	1,851	697,5	NAN	
19	1,8585	700,5	NAN	
19,1	1,875	703,5	NAN	
19,2	1,884	707,5	NAN	
19,3	1,89	710,5	NAN	
19,4	1,8945	712	NAN	
19,5	1,911	715,5	NAN	
19,6	1,92	719	NAN	
19,7	1,9305	721,5	NAN	
19,8	1,932	723,5	NAN	
19,9	1,9395	725	NAN	
20	1,95	727,5	NAN	
20,1	1,9515	729,5	NAN	
20,2	1,953	730,5	NAN	
20,3	1,9635	732,5	NAN	
20,4	1,971	734,5	NAN	
20,5	1,9785	737	NAN	
20,6	1,986	738,5	NAN	
20,7	1,992	740,5	NAN	
20,8	1,9965	742	NAN	
20,9	2,001	743,5	NAN	
21	2,0025	744,5	NAN	
21,1	2,016	747	NAN	
21,2	2,0205	748,5	NAN	
21,3	2,0265	750,5	NAN	
21,4	2,031	752	NAN	
21,5	2,0385	753,5	NAN	
21,6	2,046	756	NAN	
21,7	2,0535	758,5	NAN	
21,8	2,0835	763	NAN	
21,9	2,091	767	NAN	
22	2,0895	768,5	NAN	
22,1	2,091	769,5	NAN	
22,2	2,094	770,5	NAN	
22,3	2,1	771,5	NAN	
22,4	2,1045	773	NAN	
22,5	2,1075	774	NAN	
22,6	2,1075	774	NAN	
22,7	2,106	774,5	NAN	
22,8	2,1165	775,5	NAN	
22,9	2,1165	776,5	NAN	
23	2,124	778	NAN	
23,1	2,1375	781	NAN	
23,2	2,1435	783	NAN	
23,3	2,151	785	NAN	
23,4	2,1615	787,5	NAN	
23,5	2,172	790,5	NAN	
23,6	2,178	792	NAN	
23,7	2,181	793,5	NAN	
23,8	2,1855	794,5	NAN	
23,9	2,193	796	NAN	
24	2,2005	798	NAN	
24,1	2,2125	801	NAN	
24,2	2,217	802,5	NAN	
24,3	2,2275	805	NAN	
24,4	2,2335	807	NAN	
24,5	2,238	808	NAN	
24,6	2,2545	811,5	NAN	
24,7	2,265	814,5	NAN	
24,8	2,2725	816,5	NAN	
24,9	2,274	818	NAN	
25	2,2845	820	NAN	
25,1	2,3025	823,5	NAN	
25,2	2,307	825,5	NAN	
25,3	2,3055	826,5	NAN	
25,4	2,3175	828	NAN	
25,5	2,325	830	NAN	
25,6	2,331	831,5	NAN	
25,7	2,34	833,5	NAN	
25,8	2,343	835	NAN	
25,9	2,355	836,5	NAN	
26	2,358	838,5	NAN	
26,1	2,367	840	NAN	
26,2	2,373	842	NAN	
26,3	2,376	842,5	NAN	
26,4	2,379	843,5	NAN	
26,5	2,3835	844,5	NAN	
26,6	2,388	846	NAN	
26,7	2,397	847,5	NAN	
26,8	2,4075	850	NAN	
26,9	2,4075	851	NAN	
27	2,4135	852	NAN	
27,1	2,421	853,5	NAN	
27,2	2,433	855,5	NAN	
27,3	2,43	856	NAN	
27,4	2,43	856,5	NAN	
27,5	2,433	856,5	NAN	
27,6	2,439	857,5	NAN	
27,7	2,436	858	NAN	
27,8	2,436	858	NAN	
27,9	2,436	858	NAN	
28	2,4435	858,5	NAN	
28,1	2,4465	859,5	NAN	
28,2	2,4465	860	NAN	
28,3	2,445	860	NAN	
28,4	2,451	861,5	NAN	
28,5	2,4645	863	NAN	
28,6	2,4735	865	NAN	
28,7	2,4735	866	NAN	
28,8	2,478	866,5	NAN	
28,9	2,487	868	NAN	
29	2,4975	870,5	NAN	
29,1	2,5065	873	NAN	
29,2	2,5095	874	NAN	
29,3	2,511	874,5	NAN	
29,4	2,5245	877	NAN	
29,5	2,5425	880,5	NAN	
29,6	2,553	882,5	NAN	
29,7	2,5605	885	NAN	
29,8	2,5875	888,5	NAN	
29,9	2,6085	893	NAN	
30	2,6145	896	NAN	
30,1	2,6175	897	NAN	
30,2	2,628	898,5	NAN	
30,3	2,6415	901	NAN	
30,4	2,652	903	NAN	
30,5	2,679	907,5	NAN	
30,6	2,6985	912,5	NAN	
30,7	2,7	914	NAN	
30,8	2,7015	914,5	NAN	
30,9	2,706	915	NAN	
31	2,7135	916	NAN	
31,1	2,7225	918	NAN	
31,2	2,7285	919,5	NAN	
31,3	2,7345	920,5	NAN	
31,4	2,739	921,5	NAN	
31,5	2,748	923	NAN	
31,6	2,7525	924	NAN	
31,7	2,7615	926	NAN	
31,8	2,772	927,5	NAN	
31,9	2,784	929,5	NAN	
32	2,799	932	NAN	
32,1	2,814	934	NAN	
32,2	2,8155	936	NAN	
32,3	2,817	936,5	NAN	
32,4	2,8215	937,5	NAN	
32,5	2,8275	938	NAN	
32,6	2,8335	939	NAN	
32,7	2,838	940	NAN	
32,8	2,844	941	NAN	
32,9	2,8485	942	NAN	
33	2,8575	943	NAN	
33,1	2,865	944,5	NAN	
33,2	2,865	945	NAN	
33,3	2,88	946,5	NAN	
33,4	2,91	951,5	NAN	
33,5	2,925	954,5	NAN	
33,6	2,9325	956	NAN	
33,7	2,94	957,5	NAN	
33,8	2,9415	958	NAN	
33,9	2,946	958,5	NAN	
34	2,949	959	NAN	
34,1	2,955	960	NAN	
34,2	2,961	961	NAN	
34,3	2,961	961	NAN	
34,4	2,9625	961,5	NAN	
34,5	2,9685	962,5	NAN	
34,6	2,967	962	NAN	
34,7	2,964	962	NAN	
34,8	2,925	960	NAN	
34,9	2,91	958	NAN	
35	2,8875	956,5	NAN	
35,1	2,8875	956	NAN	
35,2	2,868	954	NAN	
35,3	2,8515	953	NAN	
35,4	2,832	951	NAN	
35,5	2,8305	950,5	NAN	
35,6	2,817	949,5	NAN	
35,7	2,8155	949,5	NAN	
35,8	2,8155	949	NAN	
35,9	2,8005	947,5	NAN	
36	2,79	947	NAN	
36,1	2,787	946,5	NAN	
36,2	2,7795	946	NAN	
36,3	2,76	943,5	NAN	
36,4	2,7465	942	NAN	
36,5	2,745	941,5	NAN	
36,6	2,7375	940,5	NAN	
36,7	2,709	938	NAN	
36,8	2,6985	936	NAN	
36,9	2,679	934,5	NAN	
37	2,6715	932,5	NAN	
37,1	2,6535	931	NAN	
37,2	2,649	930	NAN	
37,3	2,6445	929	NAN	
37,4	2,643	929	NAN	
37,5	2,637	928	NAN	
37,6	2,6205	927	NAN	
37,7	2,61	925	NAN	
37,8	2,6085	924,5	NAN	
37,9	2,6025	924,5	NAN	
38	2,5875	923	NAN	
38,1	2,5785	921	NAN	
38,2	2,5755	920	NAN	
38,3	2,5635	918,5	NAN	
38,4	2,532	915	NAN	
38,5	2,5275	913,5	NAN	
38,6	2,5185	912	NAN	
38,7	2,511	911	NAN	
38,8	2,5035	909,5	NAN	
38,9	2,4975	909	NAN	
39	2,4945	908	NAN	
39,1	2,4795	907	NAN	
39,2	2,472	905	NAN	
39,3	2,4555	903	NAN	
39,4	2,445	901,5	NAN	
39,5	2,4285	898,5	NAN	
39,6	2,427	897	NAN	
39,7	2,418	896	NAN	
39,8	2,406	894,5	NAN	
39,9	2,406	894	NAN	
40	2,4	893	NAN	
40,1	2,3895	891,5	NAN	
40,2	2,382	890	NAN	
40,3	2,373	888,5	NAN	
40,4	2,367	887	NAN	
40,5	2,3625	886,5	NAN	
40,6	2,361	886	NAN	
40,7	2,3595	886	NAN	
40,8	2,358	885,5	NAN	
40,9	2,352	884,5	NAN	
41	2,343	883	NAN	
41,1	2,3325	881,5	NAN	
41,2	2,325	880	NAN	
41,3	2,3205	879	NAN	
41,4	2,316	878	NAN	
41,5	2,316	878	NAN	
41,6	2,316	877,5	NAN	
41,7	2,31	877	NAN	
41,8	2,3085	876,5	NAN	
41,9	2,3025	876	NAN	
42	2,292	874	NAN	
42,1	2,2875	873	NAN	
42,2	2,286	872	NAN	
42,3	2,28	871,5	NAN	
42,4	2,2725	870,5	NAN	
42,5	2,2635	868,5	NAN	
42,6	2,262	867	NAN	
42,7	2,2425	864,5	NAN	
42,8	2,2275	862	NAN	
42,9	2,223	860,5	NAN	
43	2,2185	859,5	NAN	
43,1	2,2125	858	NAN	
43,2	2,2095	857	NAN	
43,3	2,2095	856,5	NAN	
43,4	2,208	856,5	NAN	
43,5	2,202	856	NAN	
43,6	2,199	855	NAN	
43,7	2,19	853,5	NAN	
43,8	2,187	853	NAN	
43,9	2,187	852,5	NAN	
44	2,1825	852	NAN	
44,1	2,16	848,5	NAN	
44,2	2,148	845	NAN	
44,3	2,1405	843	NAN	
44,4	2,127	841	NAN	
44,5	2,118	838,5	NAN	
44,6	2,115	837	NAN	
44,7	2,112	836,5	NAN	
44,8	2,1015	834,5	NAN	
44,9	2,103	834	NAN	
45	2,0985	833	NAN	
45,1	2,088	831,5	NAN	
45,2	2,0775	829,5	NAN	
45,3	2,0655	826,5	NAN	
45,4	2,055	824	NAN	
45,5	2,0505	823	NAN	
45,6	2,0355	820	NAN	
45,7	2,031	818,5	NAN	
45,8	2,025	818	NAN	
45,9	2,0235	816	NAN	
46	2,0115	814	NAN	
46,1	1,9935	810,5	NAN	
46,2	1,989	808	NAN	
46,3	1,986	807	NAN	
46,4	1,986	807	NAN	
46,5	1,98	806	NAN	
46,6	1,977	805,5	NAN	
46,7	1,9725	804	NAN	
46,8	1,953	800,5	NAN	
46,9	1,9395	797	NAN	
47	1,926	794,5	NAN	
47,1	1,923	792	NAN	
47,2	1,9185	790,5	NAN	
47,3	1,9095	789	NAN	
47,4	1,905	787,5	NAN	
47,5	1,8885	784	NAN	
47,6	1,872	780,5	NAN	
47,7	1,8615	777,5	NAN	
47,8	1,8555	775,5	NAN	
47,9	1,8495	773	NAN	
48	1,8405	771,5	NAN	
48,1	1,827	768	NAN	
48,2	1,8195	766	NAN	
48,3	1,815	764	NAN	
48,4	1,8135	763	NAN	
48,5	1,8105	762,5	NAN	
48,6	1,8015	760,5	NAN	
48,7	1,7955	759,5	NAN	
48,8	1,7895	757	NAN	
48,9	1,7775	754,5	NAN	
49	1,7655	751,5	NAN	
49,1	1,761	750	NAN	
49,2	1,752	748	NAN	
49,3	1,746	746	NAN	
49,4	1,7415	744	NAN	
49,5	1,7385	743,5	NAN	
49,6	1,734	742	NAN	
49,7	1,7205	739,5	NAN	
49,8	1,707	736	NAN	
49,9	1,695	732,5	NAN	
50	1,689	730,5	NAN	
50,1	1,677	727,5	NAN	
50,2	1,668	724,5	NAN	
50,3	1,659	722	NAN	
50,4	1,65	719,5	NAN	
50,5	1,641	716,5	NAN	
50,6	1,635	715	NAN	
50,7	1,629	713	NAN	
50,8	1,623	711	NAN	
50,9	1,6155	709	NAN	
51	1,6095	707	NAN	
51,1	1,6065	706	NAN	
51,2	1,6035	705	NAN	
51,3	1,6005	704	NAN	
51,4	1,5915	702,5	NAN	
51,5	1,578	699	NAN	
51,6	1,566	696	NAN	
51,7	1,56	693,5	NAN	
51,8	1,5495	690,5	NAN	
51,9	1,5435	688	NAN	
52	1,5315	685	NAN	
52,1	1,524	682,5	NAN	
52,2	1,5015	677	NAN	
52,3	1,4835	672	NAN	
52,4	1,476	669	NAN	
52,5	1,476	667,5	NAN	
52,6	1,4745	667	NAN	
52,7	1,473	666,5	NAN	
52,8	1,47	665,5	NAN	
52,9	1,4655	664,5	NAN	
53	1,464	663,5	NAN	
53,1	1,4595	662,5	NAN	
53,2	1,4535	661	NAN	
53,3	1,4475	659,5	NAN	
53,4	1,437	656,5	NAN	
53,5	1,425	653,5	NAN	
53,6	1,416	650,5	NAN	
53,7	1,41	648	NAN	
53,8	1,3965	644,5	NAN	
53,9	1,389	642	NAN	
54	1,3905	640,5	NAN	
54,1	1,3905	640	NAN	
54,2	1,3875	639,5	NAN	
54,3	1,377	638	NAN	
54,4	1,3605	633,5	NAN	
54,5	1,344	629	NAN	
54,6	1,323	623	NAN	
54,7	1,3155	620	NAN	
54,8	1,314	617,5	NAN	
54,9	1,3095	616,5	NAN	
55	1,308	615	NAN	
55,1	1,3065	614	NAN	
55,2	1,299	613	NAN	
55,3	1,284	609,5	NAN	
55,4	1,2705	604,5	NAN	
55,5	1,2615	601,5	NAN	
55,6	1,2555	599,5	NAN	
55,7	1,245	596,5	NAN	
55,8	1,233	593	NAN	
55,9	1,2225	589	NAN	
56	1,221	587,5	NAN	
56,1	1,2195	586,5	NAN	
56,2	1,2195	586,5	NAN	
56,3	1,221	586	NAN	
56,4	1,2195	586	NAN	
56,5	1,2195	586	NAN	
56,6	1,2165	585,5	NAN	
56,7	1,221	586	NAN	
56,8	1,2195	585,5	NAN	
56,9	1,212	585	NAN	
57	1,2105	583,5	NAN	
57,1	1,1715	575	NAN	
57,2	1,1535	568,5	NAN	
57,3	1,113	557,5	NAN	
57,4	1,0935	549,5	NAN	
57,5	1,092	546	NAN	
57,6	1,0875	543,5	NAN	
57,7	1,0875	542	NAN	
57,8	1,0665	538	NAN	
57,9	1,0455	531,5	NAN	
58	1,02	523	NAN	
58,1	1,005	517,5	NAN	
58,2	1,002	514	NAN	
58,3	0,9945	512	NAN	
58,4	0,9765	507	NAN	
58,5	0,963	501	NAN	
58,6	0,948	496,5	NAN	
58,7	0,936	492	NAN	
58,8	0,927	488,5	NAN	
58,9	0,9255	486,5	NAN	
59	0,9195	485	NAN	
59,1	0,915	482,5	NAN	
59,2	0,9105	481	NAN	
59,3	0,8985	477	NAN	
59,4	0,8895	474	NAN	
59,5	0,8715	469	NAN	
59,6	0,864	465,5	NAN	
59,7	0,855	461,5	NAN	
59,8	0,852	459,5	NAN	
59,9	0,84	456	NAN	
60	0,8325	452,5	NAN	
60,1	0,828	450,5	NAN	
60,2	0,8145	447,5	NAN	
60,3	0,7965	441	NAN	
60,4	0,7935	438	NAN	
60,5	0,7845	435	NAN	
60,6	0,7845	434	NAN	
60,7	0,7815	433	NAN	
60,8	0,783	433	NAN	
60,9	0,78	432,5	NAN	
61	0,7695	430	NAN	
61,1	0,753	424,5	NAN	
61,2	0,747	421	NAN	
61,3	0,7425	418,5	NAN	
61,4	0,7305	415	NAN	
61,5	0,7155	410	NAN	
61,6	0,711	406,5	NAN	
61,7	0,699	402	NAN	
61,8	0,684	396	NAN	
61,9	0,6735	392	NAN	
62	0,6645	388	NAN	
62,1	0,657	385,5	NAN	
62,2	0,633	377,5	NAN	
62,3	0,621	371,5	NAN	
62,4	0,615	368	NAN	
62,5	0,6045	364,5	NAN	
62,6	0,591	359	NAN	
62,7	0,585	355,5	NAN	
62,8	0,576	351,5	NAN	
62,9	0,561	346,5	NAN	
63	0,549	341	NAN	
63,1	0,534	335	NAN	
63,2	0,522	329,5	NAN	
63,3	0,5145	325	NAN	
63,4	0,507	322	NAN	
63,5	0,504	319	NAN	
63,6	0,4965	316,5	NAN	
63,7	0,4905	313,5	NAN	
63,8	0,4845	310,5	NAN	
63,9	0,4785	308	NAN	
64	0,4785	306,5	NAN	
64,1	0,4695	304	NAN	
64,2	0,4635	301	NAN	
64,3	0,447	295	NAN	
64,4	0,432	288	NAN	
64,5	0,426	284	NAN	
64,6	0,4215	280,5	NAN	
64,7	0,4125	278	NAN	
64,8	0,405	275,5	NAN	
64,9	0,3975	271	NAN	
65	0,387	265,5	NAN	
65,1	0,3765	261	NAN	
65,2	0,3675	257	NAN	
65,3	0,3615	253,5	NAN	
65,4	0,3555	250,5	NAN	
65,5	0,348	247	NAN	
65,6	0,339	242,5	NAN	
65,7	0,333	239,5	NAN	
65,8	0,327	236,5	NAN	
65,9	0,318	232	NAN	
66	0,306	227	NAN	
66,1	0,2955	221,5	NAN	
66,2	0,2895	219	NAN	
66,3	0,282	215,5	NAN	
66,4	0,2565	204,5	NAN	
66,5	0,2385	195,5	NAN	
66,6	0,2265	188	NAN	
66,7	0,2085	181,5	NAN	
66,8	0,195	174	NAN	
66,9	0,1905	169,5	NAN	
67	0,192	168	NAN	
67,1	0,1905	167	NAN	
67,2	0,186	166,5	NAN	
67,3	0,1815	163,5	NAN	
67,4	0,1605	157	NAN	
67,5	0,1515	150,5	NAN	
67,6	0,1425	146	NAN	
67,7	0,135	141,5	NAN	
67,8	0,129	139	NAN	
67,9	0,117	133	NAN	
68	0,105	127,5	NAN	
68,1	0,0945	122	NAN	
68,2	0,0735	113,5	NAN	
68,3	0,0555	104	NAN	
68,4	0,045	98	NAN	
68,5	0,0315	92	NAN	
68,6	0,021	86	NAN	
68,7	0,0105	80	NAN	
68,8	0,0015	75	NAN	
68,9	0	73	NAN	
69	0,0015	72	NAN	
69,1	0	71,5	NAN	
69,2	0,0015	71	NAN	
69,3	0	71	NAN	
69,4	-0,0015	70,5	NAN	
69,5	0	70,5	NAN	
69,6	0	70,5	NAN	
69,7	0	70,5	NAN	
69,8	0,0015	70,5	NAN	
69,9	0	70,5	NAN	
70	-0,0015	70	NAN	
70,1	0	70,5	NAN	
70,2	0,0015	70,5	NAN	
70,3	0	70	NAN	
70,4	0	70,5	NAN	
70,5	0	70,5	NAN	
70,6	0	70,5	NAN	
70,7	0	70,5	NAN	
70,8	0	70,5	NAN	
70,9	0,0015	70,5	NAN	
71	0,0015	70,5	NAN	
71,1	0,0015	70,5	NAN	
71,2	0	70,5	NAN	
71,3	0,0015	70	NAN	
71,4	0,003	70,5	NAN	
71,5	-0,0015	70,5	NAN	
71,6	-0,0015	70,5	NAN	
71,7	0,0015	70	NAN	
71,8	-0,0015	70,5	NAN	
71,9	-0,0015	70	NAN	
72	0,0015	70	NAN	
72,1	0	70	NAN	
72,2	0	70	NAN	
72,3	-0,0015	70	NAN	
72,4	0	70	NAN	
72,5	-0,0015	70	NAN	
72,6	0	70,5	NAN	
72,7	-0,0015	70,5	NAN	
72,8	0	70,5	NAN	
72,9	-0,0015	70	NAN	
73	-0,0015	70,5	NAN	
73,1	0	70	NAN	
73,2	-0,0015	70	NAN	
73,3	-0,0015	70,5	NAN	
73,4	0	70	NAN	
73,5	0	70	NAN	
73,6	0	70,5	NAN	
73,7	0,0015	70	NAN	
73,8	0	70,5	NAN	
73,9	0	70	NAN	
74	-0,0015	70	NAN	
74,1	0	70	NAN	
74,2	0	70	NAN	
74,3	0,0015	70	NAN	
74,4	0	70	NAN	
74,5	0	70,5	NAN	
74,6	-0,0195	67	NAN	
74,7	-0,0405	57,5	NAN	
74,8	-0,0615	47	NAN	
74,9	-0,0855	36,5	NAN	
75	-0,1035	27	NAN	
75,1	-0,1155	19,5	NAN	
75,2	-0,1305	12,5	NAN	
75,3	-0,147	5	NAN	
75,4	-0,1545	-0,5	NAN	
75,5	-0,1695	-6,5	NAN	
75,6	-0,186	-14,5	NAN	
75,7	-0,1965	-21	NAN	
75,8	-0,2055	-26	NAN	
75,9	-0,219	-32,5	NAN	
76	-0,234	-39	NAN	
76,1	-0,246	-45	NAN	
76,2	-0,2625	-52,5	NAN	
76,3	-0,2775	-59,5	NAN	
76,4	-0,2895	-66	NAN	
76,5	-0,3	-72	NAN	
76,6	-0,315	-79	NAN	
76,7	-0,3225	-82,5	NAN	
76,8	-0,33	-87	NAN	
76,9	-0,3435	-93	NAN	
77	-0,3525	-97,5	NAN	
77,1	-0,3615	-101,5	NAN	
77,2	-0,3675	-105	NAN	
77,3	-0,3855	-112,5	NAN	
77,4	-0,4035	-120,5	NAN	
77,5	-0,4125	-125,5	NAN	
77,6	-0,4215	-131	NAN	
77,7	-0,4365	-136,5	NAN	
77,8	-0,4575	-145,5	NAN	
77,9	-0,4815	-156,5	NAN	
78	-0,4905	-162	NAN	
78,1	-0,4995	-167	NAN	
78,2	-0,51	-172,5	NAN	
78,3	-0,5235	-177,5	NAN	
78,4	-0,552	-189	NAN	
78,5	-0,573	-198,5	NAN	
78,6	-0,585	-206	NAN	
78,7	-0,6015	-213	NAN	
78,8	-0,615	-220	NAN	
78,9	-0,624	-225	NAN	
79	-0,6405	-231,5	NAN	
79,1	-0,6585	-239,5	NAN	
79,2	-0,672	-245,5	NAN	
79,3	-0,6765	-250	NAN	
79,4	-0,7005	-258	NAN	
79,5	-0,714	-265	NAN	
79,6	-0,7335	-273	NAN	
79,7	-0,7485	-280,5	NAN	
79,8	-0,7725	-290	NAN	
79,9	-0,7845	-297	NAN	
80	-0,7995	-303	NAN	
80,1	-0,8145	-310	NAN	
80,2	-0,8295	-316,5	NAN	
80,3	-0,852	-324,5	NAN	
80,4	-0,8715	-334	NAN	
80,5	-0,8805	-339,5	NAN	
80,6	-0,8865	-343	NAN	
80,7	-0,888	-346,5	NAN	
80,8	-0,891	-348	NAN	
80,9	-0,909	-352,5	NAN	
81	-0,9195	-357,5	NAN	
81,1	-0,9315	-363	NAN	
81,2	-0,9435	-368	NAN	
81,3	-0,948	-371	NAN	
81,4	-0,954	-373,5	NAN	
81,5	-0,969	-379	NAN	
81,6	-0,978	-383	NAN	
81,7	-0,981	-385	NAN	
81,8	-0,9885	-388	NAN	
81,9	-0,99	-390	NAN	
82	-0,9915	-391,5	NAN	
82,1	-0,996	-392,5	NAN	
82,2	-1,005	-395,5	NAN	
82,3	-1,0155	-399,5	NAN	
82,4	-1,0305	-404	NAN	
82,5	-1,056	-411,5	NAN	
82,6	-1,068	-418,5	NAN	
82,7	-1,0875	-425	NAN	
82,8	-1,101	-431	NAN	
82,9	-1,125	-439,5	NAN	
83	-1,1505	-449	NAN	
83,1	-1,1715	-457	NAN	
83,2	-1,194	-466,5	NAN	
83,3	-1,212	-474	NAN	
83,4	-1,227	-480,5	NAN	
83,5	-1,251	-488,5	NAN	
83,6	-1,272	-497	NAN	
83,7	-1,2975	-505	NAN	
83,8	-1,3155	-513	NAN	
83,9	-1,344	-521,5	NAN	
84	-1,356	-528,5	NAN	
84,1	-1,365	-533	NAN	
84,2	-1,3695	-536,5	NAN	
84,3	-1,383	-540,5	NAN	
84,4	-1,3965	-544,5	NAN	
84,5	-1,4085	-549	NAN	
84,6	-1,422	-554	NAN	
84,7	-1,4325	-558	NAN	
84,8	-1,4505	-563	NAN	
84,9	-1,4655	-569	NAN	
85	-1,479	-573,5	NAN	
85,1	-1,482	-576	NAN	
85,2	-1,494	-579	NAN	
85,3	-1,506	-583,5	NAN	
85,4	-1,521	-588	NAN	
85,5	-1,5345	-593	NAN	
85,6	-1,5465	-598	NAN	
85,7	-1,5555	-601,5	NAN	
85,8	-1,5645	-604	NAN	
85,9	-1,5675	-606	NAN	
86	-1,578	-609	NAN	
86,1	-1,587	-611,5	NAN	
86,2	-1,6065	-617	NAN	
86,3	-1,6155	-621	NAN	
86,4	-1,6245	-623,5	NAN	
86,5	-1,629	-626	NAN	
86,6	-1,6335	-627,5	NAN	
86,7	-1,6395	-629,5	NAN	
86,8	-1,6455	-631	NAN	
86,9	-1,6485	-633	NAN	
87	-1,659	-635	NAN	
87,1	-1,671	-638,5	NAN	
87,2	-1,677	-641,5	NAN	
87,3	-1,6905	-644,5	NAN	
87,4	-1,695	-647	NAN	
87,5	-1,704	-650	NAN	
87,6	-1,7115	-652	NAN	
87,7	-1,719	-654	NAN	
87,8	-1,7265	-657	NAN	
87,9	-1,7355	-660	NAN	
88	-1,743	-662	NAN	
88,1	-1,7505	-664,5	NAN	
88,2	-1,767	-668	NAN	
88,3	-1,785	-673	NAN	
88,4	-1,806	-678,5	NAN	
88,5	-1,8375	-687	NAN	
88,6	-1,8585	-694,5	NAN	
88,7	-1,881	-701,5	NAN	
88,8	-1,905	-708	NAN	
88,9	-1,92	-713,5	NAN	
89	-1,935	-718	NAN	
89,1	-1,9425	-721	NAN	
89,2	-1,9485	-723,5	NAN	
89,3	-1,9575	-726	NAN	
89,4	-1,9785	-731	NAN	
89,5	-1,9905	-735	NAN	
89,6	-2,0085	-739	NAN	
89,7	-2,025	-743	NAN	
89,8	-2,0355	-747,5	NAN	
89,9	-2,046	-751	NAN	
90	-2,058	-753,5	NAN	
90,1	-2,082	-759	NAN	
90,2	-2,097	-763,5	NAN	
90,3	-2,1105	-767,5	NAN	
90,4	-2,1195	-771	NAN	
90,5	-2,136	-774	NAN	
90,6	-2,1465	-777	NAN	
90,7	-2,1555	-780,5	NAN	
90,8	-2,1645	-782	NAN	
90,9	-2,1735	-784,5	NAN	
91	-2,1885	-789	NAN	
91,1	-2,2095	-793,5	NAN	
91,2	-2,22	-797,5	NAN	
91,3	-2,226	-799	NAN	
91,4	-2,2335	-800,5	NAN	
91,5	-2,244	-803,5	NAN	
91,6	-2,2575	-805	NAN	
91,7	-2,265	-808,5	NAN	
91,8	-2,2695	-808,5	NAN	
91,9	-2,271	-810	NAN	
92	-2,2785	-811,5	NAN	
92,1	-2,2815	-813,5	NAN	
92,2	-2,2905	-816,5	NAN	
92,3	-2,2965	-817	NAN	
92,4	-2,3025	-817,5	NAN	
92,5	-2,31	-820	NAN	
92,6	-2,316	-823	NAN	
92,7	-2,325	-825	NAN	
92,8	-2,3325	-824,5	NAN	
92,9	-2,343	-829,5	NAN	
93	-2,349	-831	NAN	
93,1	-2,355	-829,5	NAN	
93,2	-2,3625	-834,5	NAN	
93,3	-2,3685	-833	NAN	
93,4	-2,376	-836	NAN	
93,5	-2,3775	-839	NAN	
93,6	-2,379	-838	NAN	
93,7	-2,3805	-837,5	NAN	
93,8	-2,385	-839	NAN	
93,9	-2,3865	-838,5	NAN	
94	-2,3955	-842,5	NAN	
94,1	-2,4015	-844	NAN	
94,2	-2,406	-844,5	NAN	
94,3	-2,4105	-842,5	NAN	
94,4	-2,415	-844	NAN	
94,5	-2,4255	-845	NAN	
94,6	-2,4345	-851	NAN	
94,7	-2,4405	-851,5	NAN	
94,8	-2,445	-854,5	NAN	
94,9	-2,4525	-855	NAN	
95	-2,4585	-855	NAN	
95,1	-2,463	-856,5	NAN	
95,2	-2,466	-855,5	NAN	
95,3	-2,472	-856,5	NAN	
95,4	-2,475	-860,5	NAN	
95,5	-2,4765	-858	NAN	
95,6	-2,4855	-859	NAN	
95,7	-2,5005	-861,5	NAN	
95,8	-2,5095	-868	NAN	
95,9	-2,5155	-866	NAN	
96	-2,52	-869	NAN	
96,1	-2,5245	-871,5	NAN	
96,2	-2,5305	-871,5	NAN	
96,3	-2,535	-870	NAN	
96,4	-2,541	-874,5	NAN	
96,5	-2,5485	-874	NAN	
96,6	-2,556	-875	NAN	
96,7	-2,5665	-877	NAN	
96,8	-2,571	-880	NAN	
96,9	-2,5785	-879	NAN	
97	-2,5875	-880,5	NAN	
97,1	-2,592	-882	NAN	
97,2	-2,598	-883	NAN	
97,3	-2,604	-886	NAN	
97,4	-2,6085	-890,5	NAN	
97,5	-2,6145	-888,5	NAN	
97,6	-2,6205	-891,5	NAN	
97,7	-2,6265	-891,5	NAN	
97,8	-2,6385	-896	NAN	
97,9	-2,646	-894	NAN	
98	-2,6505	-898,5	NAN	
98,1	-2,655	-898,5	NAN	
98,2	-2,6595	-896	NAN	
98,3	-2,6745	-897,5	NAN	
98,4	-2,685	-904,5	NAN	
98,5	-2,697	-907	NAN	
98,6	-2,6985	-906,5	NAN	
98,7	-2,7	-905,5	NAN	
98,8	-2,7015	-906	NAN	
98,9	-2,703	-904,5	NAN	
99	-2,706	-908,5	NAN	
99,1	-2,7135	-909	NAN	
99,2	-2,724	-908	NAN	
99,3	-2,7285	-910,5	NAN	
99,4	-2,733	-914	NAN	
99,5	-2,736	-911	NAN	
99,6	-2,742	-916,5	NAN	
99,7	-2,748	-917,5	NAN	
99,8	-2,7645	-920	NAN	
99,9	-2,769	-917	NAN	
100	-2,778	-920,5	NAN	
100,1	-2,787	-924,5	NAN	
100,2	-2,7945	-926,5	NAN	
100,3	-2,805	-928,5	NAN	
100,4	-2,8185	-928,5	NAN	
100,5	-2,8305	-932	NAN	
100,6	-2,835	-932,5	NAN	
100,7	-2,838	-934,5	NAN	
100,8	-2,8485	-931,5	NAN	
100,9	-2,8605	-934,5	NAN	
101	-2,8695	-938	NAN	
101,1	-2,886	-939,5	NAN	
101,2	-2,9145	-946,5	NAN	
101,3	-2,9265	-945,5	NAN	
101,4	-2,937	-950,5	NAN	
101,5	-2,946	-952,5	NAN	
101,6	-2,9475	-949,5	NAN	
101,7	-2,9535	-950	NAN	
101,8	-2,9565	-950	NAN	
101,9	-2,955	-955	NAN	
102	-2,9595	-952	NAN	
102,1	-2,9625	-954	NAN	
102,2	-2,9625	-952	NAN	
102,3	-2,9745	-954,5	NAN	
102,4	-2,985	-954,5	NAN	
102,5	-2,985	-956,5	NAN	
102,6	-2,985	-955	NAN	
102,7	-2,979	-954	NAN	
102,8	-2,9655	-958,5	NAN	
102,9	-2,9565	-956	NAN	
103	-2,9505	-957,5	NAN	
103,1	-2,949	-956,5	NAN	
103,2	-2,946	-956,5	NAN	
103,3	-2,937	-955,5	NAN	
103,4	-2,9235	-950	NAN	
103,5	-2,9115	-948,5	NAN	
103,6	-2,904	-951	NAN	
103,7	-2,8905	-951,5	NAN	
103,8	-2,8725	-949	NAN	
103,9	-2,8605	-949	NAN	
104	-2,8485	-944	NAN	
104,1	-2,841	-946,5	NAN	
104,2	-2,835	-942,5	NAN	
104,3	-2,8335	-946	NAN	
104,4	-2,826	-942,5	NAN	
104,5	-2,8215	-940	NAN	
104,6	-2,8095	-941,5	NAN	
104,7	-2,802	-938,5	NAN	
104,8	-2,7975	-941,5	NAN	
104,9	-2,7945	-938,5	NAN	
105	-2,7885	-938	NAN	
105,1	-2,781	-940,5	NAN	
105,2	-2,769	-938,5	NAN	
105,3	-2,76	-939	NAN	
105,4	-2,748	-932,5	NAN	
105,5	-2,7405	-931	NAN	
105,6	-2,733	-932	NAN	
105,7	-2,7225	-934,5	NAN	
105,8	-2,7135	-932	NAN	
105,9	-2,709	-928	NAN	
106	-2,706	-931,5	NAN	
106,1	-2,703	-930,5	NAN	
106,2	-2,7	-927	NAN	
106,3	-2,6955	-926	NAN	
106,4	-2,685	-926,5	NAN	
106,5	-2,679	-925	NAN	
106,6	-2,6715	-924	NAN	
106,7	-2,661	-926	NAN	
106,8	-2,652	-925	NAN	
106,9	-2,64	-923,5	NAN	
107	-2,6175	-920,5	NAN	
107,1	-2,613	-920,5	NAN	
107,2	-2,6115	-919	NAN	
107,3	-2,604	-918	NAN	
107,4	-2,595	-916	NAN	
107,5	-2,589	-917	NAN	
107,6	-2,5875	-911,5	NAN	
107,7	-2,5815	-916	NAN	
107,8	-2,5755	-913,5	NAN	
107,9	-2,5695	-914	NAN	
108	-2,568	-909,5	NAN	
108,1	-2,5575	-913	NAN	
108,2	-2,5395	-906	NAN	
108,3	-2,535	-910	NAN	
108,4	-2,5335	-908,5	NAN	
108,5	-2,529	-907,5	NAN	
108,6	-2,523	-904	NAN	
108,7	-2,52	-902	NAN	
108,8	-2,514	-903	NAN	
108,9	-2,5095	-905	NAN	
109	-2,5035	-900	NAN	
109,1	-2,4945	-899	NAN	
109,2	-2,478	-901	NAN	
109,3	-2,4705	-895	NAN	
109,4	-2,4645	-896	NAN	
109,5	-2,457	-893,5	NAN	
109,6	-2,448	-892	NAN	
109,7	-2,4255	-889,5	NAN	
109,8	-2,412	-886	NAN	
109,9	-2,4075	-884,5	NAN	
110	-2,403	-884	NAN	
110,1	-2,397	-885	NAN	
110,2	-2,391	-886	NAN	
110,3	-2,3835	-883,5	NAN	
110,4	-2,376	-881	NAN	
110,5	-2,3715	-880,5	NAN	
110,6	-2,3685	-882	NAN	
110,7	-2,3655	-881,5	NAN	
110,8	-2,364	-878	NAN	
110,9	-2,3595	-876,5	NAN	
111	-2,355	-876	NAN	
111,1	-2,3505	-879	NAN	
111,2	-2,325	-872	NAN	
111,3	-2,3175	-869,5	NAN	
111,4	-2,313	-869,5	NAN	
111,5	-2,3085	-868	NAN	
111,6	-2,307	-869,5	NAN	
111,7	-2,3025	-866	NAN	
111,8	-2,295	-869	NAN	
111,9	-2,2905	-864	NAN	
112	-2,2815	-866,5	NAN	
112,1	-2,2695	-862,5	NAN	
112,2	-2,262	-862,5	NAN	
112,3	-2,253	-860,5	NAN	
112,4	-2,2395	-858	NAN	
112,5	-2,2305	-853	NAN	
112,6	-2,229	-851,5	NAN	
112,7	-2,217	-853,5	NAN	
112,8	-2,1915	-850	NAN	
112,9	-2,187	-847,5	NAN	
113	-2,1825	-845	NAN	
113,1	-2,1795	-842	NAN	
113,2	-2,169	-843,5	NAN	
113,3	-2,1615	-838,5	NAN	
113,4	-2,1585	-837,5	NAN	
113,5	-2,157	-839,5	NAN	
113,6	-2,151	-838,5	NAN	
113,7	-2,1435	-837	NAN	
113,8	-2,1405	-833	NAN	
113,9	-2,1285	-832,5	NAN	
114	-2,1165	-829,5	NAN	
114,1	-2,109	-828,5	NAN	
114,2	-2,103	-828,5	NAN	
114,3	-2,1	-826,5	NAN	
114,4	-2,088	-822,5	NAN	
114,5	-2,0865	-824	NAN	
114,6	-2,0805	-823,5	NAN	
114,7	-2,0715	-819	NAN	
114,8	-2,0595	-816,5	NAN	
114,9	-2,0385	-812,5	NAN	
115	-2,0265	-812	NAN	
115,1	-2,0205	-810	NAN	
115,2	-2,0115	-804,5	NAN	
115,3	-2,0085	-806	NAN	
115,4	-1,9995	-804,5	NAN	
115,5	-1,989	-802	NAN	
115,6	-1,9845	-798,5	NAN	
115,7	-1,9755	-796,5	NAN	
115,8	-1,971	-797,5	NAN	
115,9	-1,965	-793,5	NAN	
116	-1,9515	-791,5	NAN	
116,1	-1,9515	-790,5	NAN	
116,2	-1,95	-790	NAN	
116,3	-1,9455	-789,5	NAN	
116,4	-1,938	-788	NAN	
116,5	-1,9305	-786	NAN	
116,6	-1,9185	-785	NAN	
116,7	-1,914	-782	NAN	
116,8	-1,9125	-781,5	NAN	
116,9	-1,911	-782	NAN	
117	-1,911	-780	NAN	
117,1	-1,908	-780	NAN	
117,2	-1,905	-779	NAN	
117,3	-1,905	-779,5	NAN	
117,4	-1,9065	-780	NAN	
117,5	-1,9065	-779,5	NAN	
117,6	-1,9065	-779	NAN	
117,7	-1,905	-779,5	NAN	
117,8	-1,878	-775	NAN	
117,9	-1,857	-770,5	NAN	
118	-1,8525	-766,5	NAN	
118,1	-1,8465	-765	NAN	
118,2	-1,842	-764	NAN	
118,3	-1,833	-761,5	NAN	
118,4	-1,815	-758	NAN	
118,5	-1,803	-754,5	NAN	
118,6	-1,803	-753	NAN	
118,7	-1,8045	-752,5	NAN	
118,8	-1,8	-752	NAN	
118,9	-1,791	-750	NAN	
119	-1,782	-748	NAN	
119,1	-1,7745	-745,5	NAN	
119,2	-1,7565	-742	NAN	
119,3	-1,746	-739	NAN	
119,4	-1,737	-736,5	NAN	
119,5	-1,731	-734	NAN	
119,6	-1,7175	-731	NAN	
119,7	-1,704	-727,5	NAN	
119,8	-1,695	-724,5	NAN	
119,9	-1,6935	-723	NAN	
120	-1,689	-721,5	NAN	
120,1	-1,6845	-720,5	NAN	
120,2	-1,677	-719	NAN	
120,3	-1,6695	-717	NAN	
120,4	-1,6635	-715,5	NAN	
120,5	-1,647	-712	NAN	
120,6	-1,632	-707,5	NAN	
120,7	-1,62	-704	NAN	
120,8	-1,617	-701,5	NAN	
120,9	-1,611	-699,5	NAN	
121	-1,6065	-698,5	NAN	
121,1	-1,6065	-697,5	NAN	
121,2	-1,602	-697	NAN	
121,3	-1,599	-696	NAN	
121,4	-1,5885	-694	NAN	
121,5	-1,5795	-691	NAN	
121,6	-1,563	-688	NAN	
121,7	-1,5435	-682	NAN	
121,8	-1,5285	-677,5	NAN	
121,9	-1,521	-674,5	NAN	
122	-1,503	-670	NAN	
122,1	-1,4985	-667,5	NAN	
122,2	-1,485	-664,5	NAN	
122,3	-1,482	-662	NAN	
122,4	-1,476	-660,5	NAN	
122,5	-1,4745	-659	NAN	
122,6	-1,464	-657	NAN	
122,7	-1,455	-654,5	NAN	
122,8	-1,4445	-651,5	NAN	
122,9	-1,4325	-648	NAN	
123	-1,428	-646	NAN	
123,1	-1,4265	-644,5	NAN	
123,2	-1,428	-643,5	NAN	
123,3	-1,4235	-643,5	NAN	
123,4	-1,4205	-642,5	NAN	
123,5	-1,4175	-642	NAN	
123,6	-1,416	-641	NAN	
123,7	-1,413	-640,5	NAN	
123,8	-1,4085	-639	NAN	
123,9	-1,401	-637,5	NAN	
124	-1,395	-635,5	NAN	
124,1	-1,386	-633	NAN	
124,2	-1,3725	-629	NAN	
124,3	-1,368	-626,5	NAN	
124,4	-1,362	-625,5	NAN	
124,5	-1,359	-624	NAN	
124,6	-1,356	-622,5	NAN	
124,7	-1,3515	-621,5	NAN	
124,8	-1,3455	-619,5	NAN	
124,9	-1,332	-617	NAN	
125	-1,3215	-613,5	NAN	
125,1	-1,314	-611	NAN	
125,2	-1,3095	-608,5	NAN	
125,3	-1,3065	-606,5	NAN	
125,4	-1,3035	-606	NAN	
125,5	-1,299	-604,5	NAN	
125,6	-1,293	-603,5	NAN	
125,7	-1,29	-602	NAN	
125,8	-1,2885	-601	NAN	
125,9	-1,2855	-600,5	NAN	
126	-1,278	-598,5	NAN	
126,1	-1,269	-595,5	NAN	
126,2	-1,2615	-593,5	NAN	
126,3	-1,2525	-591	NAN	
126,4	-1,248	-589	NAN	
126,5	-1,236	-586	NAN	
126,6	-1,2255	-582,5	NAN	
126,7	-1,2195	-580	NAN	
126,8	-1,215	-578	NAN	
126,9	-1,2075	-576	NAN	
127	-1,203	-575	NAN	
127,1	-1,194	-572	NAN	
127,2	-1,185	-569	NAN	
127,3	-1,1745	-565	NAN	
127,4	-1,1625	-561,5	NAN	
127,5	-1,1565	-559	NAN	
127,6	-1,152	-557,5	NAN	
127,7	-1,143	-554,5	NAN	
127,8	-1,137	-552,5	NAN	
127,9	-1,128	-549,5	NAN	
128	-1,104	-543,5	NAN	
128,1	-1,0875	-537,5	NAN	
128,2	-1,0695	-531,5	NAN	
128,3	-1,0545	-526	NAN	
128,4	-1,0515	-523,5	NAN	
128,5	-1,044	-521	NAN	
128,6	-1,029	-517	NAN	
128,7	-1,014	-512	NAN	
128,8	-1,0095	-508,5	NAN	
128,9	-1,0095	-508	NAN	
129	-1,0095	-507,5	NAN	
129,1	-1,0095	-507	NAN	
129,2	-1,0005	-506	NAN	
129,3	-0,9915	-503	NAN	
129,4	-0,987	-500,5	NAN	
129,5	-0,969	-496,5	NAN	
129,6	-0,957	-491,5	NAN	
129,7	-0,9405	-486	NAN	
129,8	-0,933	-482,5	NAN	
129,9	-0,918	-478	NAN	
130	-0,894	-470,5	NAN	
130,1	-0,876	-464	NAN	
130,2	-0,8535	-456	NAN	
130,3	-0,843	-451	NAN	
130,4	-0,834	-446,5	NAN	
130,5	-0,8265	-442,5	NAN	
130,6	-0,8205	-441	NAN	
130,7	-0,8025	-435,5	NAN	
130,8	-0,7845	-429	NAN	
130,9	-0,7545	-419	NAN	
131	-0,7395	-411	NAN	
131,1	-0,723	-405,5	NAN	
131,2	-0,7095	-400	NAN	
131,3	-0,7035	-396	NAN	
131,4	-0,696	-393,5	NAN	
131,5	-0,69	-391	NAN	
131,6	-0,6885	-388,5	NAN	
131,7	-0,684	-387	NAN	
131,8	-0,6705	-383	NAN	
131,9	-0,6555	-377,5	NAN	
132	-0,6225	-367	NAN	
132,1	-0,6015	-357	NAN	
132,2	-0,57	-344,5	NAN	
132,3	-0,555	-336,5	NAN	
132,4	-0,5445	-331	NAN	
132,5	-0,528	-324,5	NAN	
132,6	-0,516	-318,5	NAN	
132,7	-0,5085	-315	NAN	
132,8	-0,5055	-312,5	NAN	
132,9	-0,492	-306,5	NAN	
133	-0,4845	-303	NAN	
133,1	-0,477	-300	NAN	
133,2	-0,468	-296	NAN	
133,3	-0,4545	-291	NAN	
133,4	-0,4515	-287,5	NAN	
133,5	-0,45	-286,5	NAN	
133,6	-0,447	-285	NAN	
133,7	-0,429	-278,5	NAN	
133,8	-0,4185	-273,5	NAN	
133,9	-0,408	-268,5	NAN	
134	-0,3945	-263	NAN	
134,1	-0,378	-255	NAN	
134,2	-0,36	-247,5	NAN	
134,3	-0,3375	-237	NAN	
134,4	-0,3225	-230	NAN	
134,5	-0,306	-221	NAN	
134,6	-0,2925	-212,5	NAN	
134,7	-0,2895	-210	NAN	
134,8	-0,288	-208,5	NAN	
134,9	-0,2865	-207	NAN	
135	-0,2805	-204,5	NAN	
135,1	-0,2775	-202,5	NAN	
135,2	-0,2475	-193,5	NAN	
135,3	-0,204	-173	NAN	
135,4	-0,1815	-161	NAN	
135,5	-0,1605	-150	NAN	
135,6	-0,1455	-142	NAN	
135,7	-0,129	-133,5	NAN	
135,8	-0,114	-126	NAN	
135,9	-0,1095	-122	NAN	
136	-0,105	-118,5	NAN	
136,1	-0,099	-115,5	NAN	
136,2	-0,087	-112	NAN	
136,3	-0,0765	-105,5	NAN	
136,4	-0,06	-98	NAN	
136,5	-0,051	-92,5	NAN	
136,6	-0,0435	-88	NAN	
136,7	-0,036	-84	NAN	
136,8	-0,0255	-80	NAN	
136,9	-0,015	-75	NAN	
137	0,0015	-67,5	NAN	
137,1	0,0015	-65	NAN	
137,2	0	-64	NAN	
137,3	0,0015	-63,5	NAN	
137,4	0	-63	NAN	
137,5	0	-62,5	NAN	
137,6	0	-62	NAN	
137,7	0,0015	-62	NAN	
137,8	0	-62	NAN	
137,9	0	-62	NAN	
138	-0,0015	-62	NAN	
138,1	0	-62	NAN	
138,2	0	-62	NAN	
138,3	0,0015	-62	NAN	
138,4	0	-62	NAN	
138,5	0	-62	NAN	
138,6	0	-62	NAN	
138,7	0	-62	NAN	
138,8	0	-62	NAN	
138,9	0	-62	NAN	
139	0,0015	-62	NAN	
139,1	0,0015	-62	NAN	
139,2	0	-61,5	NAN	
139,3	-0,0015	-62	NAN	
139,4	0	-62	NAN	
139,5	0,0015	-62	NAN	
139,6	0	-62	NAN	
139,7	-0,0015	-62	NAN	
139,8	0	-62	NAN	
139,9	0	-62	NAN	
140	0	-62	NAN	
140,1	0,0015	-62	NAN	
140,2	0,0015	-62	NAN	
140,3	0	-61,5	NAN	
140,4	0,0015	-62	NAN	
140,5	0	-61,5	NAN	
140,6	0	-62	NAN	
140,7	-0,0015	-62	NAN	
140,8	-0,0015	-62	NAN	
140,9	0,0015	-62	NAN	
141	0,0015	-62	NAN	
141,1	0	-62	NAN	
141,2	0	-62	NAN	
141,3	0	-62	NAN	
141,4	-0,003	-62	NAN	
141,5	0,0015	-62	NAN	
141,6	0	-62	NAN	
141,7	0	-62	NAN	
141,8	0,0015	-62	NAN	
141,9	0,003	-62	NAN	
142	0	-61,5	NAN	
142,1	0,0015	-62	NAN	
142,2	-0,0015	-62	NAN	
142,3	-0,0015	-62	NAN	
142,4	0	-62	NAN	
142,5	0,003	-62	NAN	
142,6	0,003	-62	NAN	
142,7	-0,0015	-61,5	NAN	
142,8	0,0105	-60,5	NAN	
142,9	0,0465	-47	NAN	
143	0,0885	-27,5	NAN	
143,1	0,1125	-14,5	NAN	
143,2	0,1335	-4,5	NAN	
143,3	0,147	3,5	NAN	
143,4	0,162	11	NAN	
143,5	0,18	19,5	NAN	
143,6	0,192	26,5	NAN	
143,7	0,2025	31,5	NAN	
143,8	0,2055	34,5	NAN	
143,9	0,216	39	NAN	
144	0,225	43,5	NAN	
144,1	0,234	48	NAN	
144,2	0,2415	52,5	NAN	
144,3	0,2535	58,5	NAN	
144,4	0,2745	66	NAN	
144,5	0,288	74	NAN	
144,6	0,3015	80	NAN	
144,7	0,321	88,5	NAN	
144,8	0,3405	96,5	NAN	
144,9	0,36	106,5	NAN	
145	0,3855	117,5	NAN	
145,1	0,3945	124,5	NAN	
145,2	0,4035	129,5	NAN	
145,3	0,414	134	NAN	
145,4	0,4245	139,5	NAN	
145,5	0,4575	152	NAN	
145,6	0,4785	162,5	NAN	
145,7	0,4875	168,5	NAN	
145,8	0,4995	174,5	NAN	
145,9	0,51	180	NAN	
146	0,5205	185	NAN	
146,1	0,54	192,5	NAN	
146,2	0,555	200	NAN	
146,3	0,5775	208	NAN	
146,4	0,5895	216	NAN	
146,5	0,6015	222,5	NAN	
146,6	0,615	228,5	NAN	
146,7	0,624	233,5	NAN	
146,8	0,639	239,5	NAN	
146,9	0,654	246,5	NAN	
147	0,66	250,5	NAN	
147,1	0,6675	254	NAN	
147,2	0,684	260	NAN	
147,3	0,7035	268,5	NAN	
147,4	0,7125	274,5	NAN	
147,5	0,7155	277,5	NAN	
147,6	0,7155	279	NAN	
147,7	0,717	280,5	NAN	
147,8	0,7365	284,5	NAN	
147,9	0,747	290	NAN	
148	0,75	293	NAN	
148,1	0,768	298,5	NAN	
148,2	0,777	304,5	NAN	
148,3	0,7845	307,5	NAN	
148,4	0,789	311	NAN	
148,5	0,7995	314,5	NAN	
148,6	0,813	318,5	NAN	
148,7	0,825	324,5	NAN	
148,8	0,834	328,5	NAN	
148,9	0,843	333	NAN	
149	0,852	337,5	NAN	
149,1	0,8655	342,5	NAN	
149,2	0,873	346	NAN	
149,3	0,8835	350,5	NAN	
149,4	0,897	356	NAN	
149,5	0,9075	361	NAN	
149,6	0,918	365,5	NAN	
149,7	0,9315	369,5	NAN	
149,8	0,9405	374	NAN	
149,9	0,969	383	NAN	
150	0,9945	393,5	NAN	
150,1	1,005	400	NAN	
150,2	1,0125	404	NAN	
150,3	1,02	408	NAN	
150,4	1,032	412,5	NAN	
150,5	1,044	417	NAN	
150,6	1,062	424	NAN	
150,7	1,098	435,5	NAN	
150,8	1,1505	452,5	NAN	
150,9	1,1625	461,5	NAN	
151	1,17	466,5	NAN	
151,1	1,173	470	NAN	
151,2	1,1745	472	NAN	
151,3	1,176	473,5	NAN	
151,4	1,182	475	NAN	
151,5	1,2	479	NAN	
151,6	1,2105	483,5	NAN	
151,7	1,215	487	NAN	
151,8	1,2255	489,5	NAN	
151,9	1,2315	493	NAN	
152	1,248	498	NAN	
152,1	1,2555	501,5	NAN	
152,2	1,263	505	NAN	
152,3	1,275	508,5	NAN	
152,4	1,2825	512	NAN	
152,5	1,293	515	NAN	
152,6	1,3005	518	NAN	
152,7	1,3095	522	NAN	
152,8	1,3125	524	NAN	
152,9	1,3155	525,5	NAN	
153	1,323	527,5	NAN	
153,1	1,326	529,5	NAN	
153,2	1,338	533	NAN	
153,3	1,3455	536	NAN	
153,4	1,35	537,5	NAN	
153,5	1,3545	539,5	NAN	
153,6	1,356	540,5	NAN	
153,7	1,3575	541,5	NAN	
153,8	1,359	542	NAN	
153,9	1,365	543	NAN	
154	1,368	544,5	NAN	
154,1	1,3725	546,5	NAN	
154,2	1,377	548	NAN	
154,3	1,383	550	NAN	
154,4	1,3875	552	NAN	
154,5	1,392	553,5	NAN	
154,6	1,395	554,5	NAN	
154,7	1,3995	556	NAN	
154,8	1,4085	558,5	NAN	
154,9	1,413	560,5	NAN	
155	1,4175	562,5	NAN	
155,1	1,422	563,5	NAN	
155,2	1,4265	565,5	NAN	
155,3	1,434	567,5	NAN	
155,4	1,4385	570	NAN	
155,5	1,4505	573	NAN	
155,6	1,455	575	NAN	
155,7	1,4625	577	NAN	
155,8	1,47	580	NAN	
155,9	1,479	582,5	NAN	
156	1,482	584,5	NAN	
156,1	1,485	586	NAN	
156,2	1,4925	588	NAN	
156,3	1,5	590,5	NAN	
156,4	1,5075	593	NAN	
156,5	1,521	596	NAN	
156,6	1,53	599,5	NAN	
156,7	1,5405	603	NAN	
156,8	1,5465	605,5	NAN	
156,9	1,551	608	NAN	
157	1,557	609,5	NAN	
157,1	1,5615	611,5	NAN	
157,2	1,5675	613,5	NAN	
157,3	1,5735	615,5	NAN	
157,4	1,5855	618	NAN	
157,5	1,5975	622	NAN	
157,6	1,605	625,5	NAN	
157,7	1,6095	627	NAN	
157,8	1,614	628,5	NAN	
157,9	1,6275	632	NAN	
158	1,635	634,5	NAN	
158,1	1,644	638	NAN	
158,2	1,659	642	NAN	
158,3	1,671	645,5	NAN	
158,4	1,677	648	NAN	
158,5	1,683	650	NAN	
158,6	1,686	652	NAN	
158,7	1,6935	654	NAN	
158,8	1,698	655,5	NAN	
158,9	1,7055	657	NAN	
159	1,7115	659,5	NAN	
159,1	1,7175	661	NAN	
159,2	1,7205	663	NAN	
159,3	1,728	665	NAN	
159,4	1,731	666,5	NAN	
159,5	1,7355	668	NAN	
159,6	1,7385	668,5	NAN	
159,7	1,737	669,5	NAN	
159,8	1,7415	670	NAN	
159,9	1,7415	670	NAN	
160	1,743	671	NAN	
160,1	1,743	671	NAN	
160,2	1,746	671	NAN	
160,3	1,7475	671,5	NAN	
160,4	1,7445	672	NAN	
160,5	1,749	672	NAN	
160,6	1,746	672,5	NAN	
160,7	1,7505	673	NAN	
160,8	1,755	674	NAN	
160,9	1,7595	675,5	NAN	
161	1,767	677,5	NAN	
161,1	1,7775	680,5	NAN	
161,2	1,7865	683	NAN	
161,3	1,7925	684,5	NAN	
161,4	1,803	687	NAN	
161,5	1,8075	690	NAN	
161,6	1,8135	691,5	NAN	
161,7	1,8165	693	NAN	
161,8	1,8315	696	NAN	
161,9	1,842	699	NAN	
162	1,857	703	NAN	
162,1	1,8705	707	NAN	
162,2	1,881	711	NAN	
162,3	1,887	713	NAN	
162,4	1,893	715	NAN	
162,5	1,902	717	NAN	
162,6	1,9125	719,5	NAN	
162,7	1,9185	722	NAN	
162,8	1,923	724	NAN	
162,9	1,9305	726,5	NAN	
163	1,938	728,5	NAN	
163,1	1,9455	730,5	NAN	
163,2	1,953	732,5	NAN	
163,3	1,9575	734	NAN	
163,4	1,971	737	NAN	
163,5	1,9755	739	NAN	
163,6	1,98	740,5	NAN	
163,7	1,9935	743,5	NAN	
163,8	2,007	747	NAN	
163,9	2,0175	750	NAN	
164	2,025	752,5	NAN	
164,1	2,031	754,5	NAN	
164,2	2,04	757	NAN	
164,3	2,046	759	NAN	
164,4	2,0535	761	NAN	
164,5	2,0595	763	NAN	
164,6	2,0715	765,5	NAN	
164,7	2,085	768,5	NAN	
164,8	2,1	772	NAN	
164,9	2,1135	776	NAN	
165	2,121	779	NAN	
165,1	2,133	782	NAN	
165,2	2,1465	785	NAN	
165,3	2,154	788	NAN	
165,4	2,166	790,5	NAN	
165,5	2,1705	792	NAN	
165,6	2,1735	794	NAN	
165,7	2,181	795,5	NAN	
165,8	2,1855	797	NAN	
165,9	2,19	798	NAN	
166	2,196	799,5	NAN	
166,1	2,202	801	NAN	
166,2	2,208	802,5	NAN	
166,3	2,2185	804,5	NAN	
166,4	2,2365	808,5	NAN	
166,5	2,241	811	NAN	
166,6	2,2515	813	NAN	
166,7	2,265	816	NAN	
166,8	2,2695	818	NAN	
166,9	2,277	820	NAN	
167	2,2815	821,5	NAN	
167,1	2,2815	822	NAN	
167,2	2,289	823,5	NAN	
167,3	2,295	824,5	NAN	
167,4	2,2965	825,5	NAN	
167,5	2,304	827	NAN	
167,6	2,31	828	NAN	
167,7	2,313	829	NAN	
167,8	2,3145	830	NAN	
167,9	2,322	831	NAN	
168	2,325	832	NAN	
168,1	2,328	833	NAN	
168,2	2,337	834,5	NAN	
168,3	2,34	836	NAN	
168,4	2,3475	837	NAN	
168,5	2,355	838,5	NAN	
168,6	2,3625	840,5	NAN	
168,7	2,3685	842	NAN	
168,8	2,3745	843,5	NAN	
168,9	2,376	844,5	NAN	
169	2,379	845,5	NAN	
169,1	2,3835	846	NAN	
169,2	2,388	847	NAN	
169,3	2,391	848	NAN	
169,4	2,4	849,5	NAN	
169,5	2,4045	851,5	NAN	
169,6	2,4075	852	NAN	
169,7	2,4165	853	NAN	
169,8	2,4255	855,5	NAN	
169,9	2,433	857	NAN	
170	2,439	858,5	NAN	
170,1	2,442	859,5	NAN	
170,2	2,4525	861,5	NAN	
170,3	2,46	863,5	NAN	
170,4	2,4615	864,5	NAN	
170,5	2,4705	866	NAN	
170,6	2,475	867	NAN	
170,7	2,4795	868	NAN	
170,8	2,487	870	NAN	
170,9	2,496	871,5	NAN	
171	2,499	872,5	NAN	
171,1	2,505	873,5	NAN	
171,2	2,5095	875	NAN	
171,3	2,5155	876	NAN	
171,4	2,517	876,5	NAN	
171,5	2,52	877,5	NAN	
171,6	2,5245	878	NAN	
171,7	2,5275	879	NAN	
171,8	2,532	880	NAN	
171,9	2,535	881	NAN	
172	2,541	881,5	NAN	
172,1	2,544	882,5	NAN	
172,2	2,5545	884	NAN	
172,3	2,5605	885,5	NAN	
172,4	2,5695	887,5	NAN	
172,5	2,5725	889	NAN	
172,6	2,595	891,5	NAN	
172,7	2,601	894	NAN	
172,8	2,604	895	NAN	
172,9	2,6085	896	NAN	
173	2,6115	896,5	NAN	
173,1	2,61	897	NAN	
173,2	2,61	897	NAN	
173,3	2,6115	897	NAN	
173,4	2,61	897	NAN	
173,5	2,61	897,5	NAN	
173,6	2,6115	897	NAN	
173,7	2,6115	897	NAN	
173,8	2,613	897,5	NAN	
173,9	2,622	898,5	NAN	
174	2,634	900,5	NAN	
174,1	2,6445	902,5	NAN	
174,2	2,649	904	NAN	
174,3	2,652	905	NAN	
174,4	2,6625	906,5	NAN	
174,5	2,6715	909	NAN	
174,6	2,679	910	NAN	
174,7	2,685	911	NAN	
174,8	2,6895	912,5	NAN	
174,9	2,703	915	NAN	
175	2,7075	916,5	NAN	
175,1	2,7075	916,5	NAN	
175,2	2,727	918	NAN	
175,3	2,736	921	NAN	
175,4	2,739	922	NAN	
175,5	2,736	922	NAN	
175,6	2,7375	922	NAN	
175,7	2,7465	923,5	NAN	
175,8	2,748	924	NAN	
175,9	2,7495	924	NAN	
176	2,7555	925	NAN	
176,1	2,7705	927,5	NAN	
176,2	2,784	929,5	NAN	
176,3	2,7885	931,5	NAN	
176,4	2,7945	932,5	NAN	
176,5	2,8005	933,5	NAN	
176,6	2,8065	934,5	NAN	
176,7	2,8095	935	NAN	
176,8	2,814	936	NAN	
176,9	2,8305	938,5	NAN	
177	2,838	940	NAN	
177,1	2,841	941	NAN	
177,2	2,847	942	NAN	
177,3	2,856	943	NAN	
177,4	2,8635	944,5	NAN	
177,5	2,868	945,5	NAN	
177,6	2,874	946,5	NAN	
177,7	2,8815	947,5	NAN	
177,8	2,8935	949,5	NAN	
177,9	2,9025	951,5	NAN	
178	2,9115	953	NAN	
178,1	2,9235	954,5	NAN	
178,2	2,934	956	NAN	
178,3	2,94	957,5	NAN	
178,4	2,949	959	NAN	
178,5	2,952	960	NAN	
178,6	2,955	960,5	NAN	
178,7	2,955	961	NAN	
178,8	2,955	961	NAN	
178,9	2,961	961,5	NAN	
179	2,964	961,5	NAN	
179,1	2,964	961,5	NAN	
179,2	2,9685	962	NAN	
179,3	2,9715	963,5	NAN	
179,4	2,9715	963,5	NAN	
179,5	2,9715	963,5	NAN	
179,6	2,97	963,5	NAN	
179,7	2,97	963,5	NAN	
179,8	2,973	963,5	NAN	
179,9	2,9745	963,5	NAN	
180	2,9715	963,5	NAN	
180,1	2,9745	963,5	NAN	
180,2	2,9745	963,5	NAN	
180,3	2,973	963,5	NAN	
180,4	2,973	963,5	NAN	
180,5	2,973	963,5	NAN	
180,6	2,9715	963,5	NAN	
180,7	2,973	963,5	NAN	
