#t	I	B	f
0	0	8.5	NAN	
0.1	0	9	NAN	
0.2	0	8.5	NAN	
0.301	0	9	NAN	
0.401	-0.0015	9	NAN	
0.501	0	8.5	NAN	
0.601	0	9	NAN	
0.701	0	8.5	NAN	
0.801	-0.0015	9	NAN	
0.901	-0.0015	8.5	NAN	
1.001	0	8.5	NAN	
1.101	0	9	NAN	
1.201	-0.0015	9	NAN	
1.301	0	9	NAN	
1.401	0	9	NAN	
1.501	0	9	NAN	
1.601	0	8.5	NAN	
1.701	0	8.5	NAN	
1.801	0.0015	9	NAN	
1.901	-0.0015	8.5	NAN	
2.001	0	9	NAN	
2.101	0	9	NAN	
2.201	-0.0015	8.5	NAN	
2.301	0	9	NAN	
2.401	0	9	NAN	
2.501	0	8.5	NAN	
2.601	0	9	NAN	
2.701	0	9	NAN	
2.801	0.0015	9	NAN	
2.901	-0.0015	9	NAN	
3.001	0.0015	9	NAN	
3.101	-0.0015	8.5	NAN	
3.201	0	9	NAN	
3.301	0.003	8.5	NAN	
3.401	0	8.5	NAN	
3.501	0	9	NAN	
3.601	0	8.5	NAN	
3.701	0	8.5	NAN	
3.801	0	9	NAN	
3.901	0.0015	9	NAN	
4.001	0	9	NAN	
4.101	-0.0015	8.5	NAN	
4.201	0	9	NAN	
4.301	0	9	NAN	
4.401	0	9	NAN	
4.501	0	9	NAN	
4.601	0	9	NAN	
4.701	0	8.5	NAN	
4.801	0.0015	8.5	NAN	
4.901	0.0225	11.5	NAN	
5.001	0.054	18	NAN	
5.101	0.0945	29	NAN	
5.201	0.1125	37.5	NAN	
5.301	0.138	47	NAN	
5.401	0.1845	64.5	NAN	
5.501	0.201	74	NAN	
5.601	0.2025	77	NAN	
5.701	0.1995	78	NAN	
5.801	0.201	78.5	NAN	
5.901	0.2025	79	NAN	
6.001	0.201	79.5	NAN	
6.101	0.201	79	NAN	
6.201	0.201	79	NAN	
6.301	0.201	79	NAN	
6.401	0.2025	79.5	NAN	
6.501	0.201	79.5	NAN	
6.601	0.204	80	NAN	
6.701	0.2205	84	NAN	
6.801	0.2505	95.5	NAN	
6.901	0.2805	109	NAN	
7.001	0.291	115.5	NAN	
7.101	0.3	120	NAN	
7.201	0.315	126.5	NAN	
7.301	0.327	132	NAN	
7.401	0.333	137	NAN	
7.501	0.3435	141	NAN	
7.601	0.351	145	NAN	
7.701	0.357	149.5	NAN	
7.801	0.366	153.5	NAN	
7.901	0.3765	157	NAN	
8.001	0.384	161.5	NAN	
8.101	0.405	169.5	NAN	
8.201	0.4155	174.5	NAN	
8.301	0.4215	179	NAN	
8.401	0.4275	181.5	NAN	
8.501	0.4365	185.5	NAN	
8.601	0.456	193	NAN	
8.701	0.4755	201.5	NAN	
8.801	0.4785	206.5	NAN	
8.901	0.4875	210	NAN	
9.001	0.507	217.5	NAN	
9.101	0.519	223	NAN	
9.201	0.5415	232.5	NAN	
9.301	0.558	240.5	NAN	
9.401	0.579	250	NAN	
9.501	0.5925	257	NAN	
9.601	0.612	265	NAN	
9.701	0.627	272.5	NAN	
9.801	0.633	276.5	NAN	
9.901	0.6375	279	NAN	
10.001	0.6465	283	NAN	
10.101	0.6555	286.5	NAN	
10.201	0.6585	288.5	NAN	
10.301	0.6675	292	NAN	
10.401	0.687	299	NAN	
10.501	0.705	307	NAN	
10.601	0.717	312.5	NAN	
10.701	0.7365	320	NAN	
10.801	0.744	324	NAN	
10.901	0.75	328	NAN	
11.001	0.7665	333.5	NAN	
11.101	0.777	338.5	NAN	
11.201	0.789	343	NAN	
11.301	0.8085	350	NAN	
11.401	0.8235	357	NAN	
11.501	0.8355	361	NAN	
11.601	0.852	367	NAN	
11.701	0.879	377.5	NAN	
11.801	0.8925	384	NAN	
11.901	0.9135	391	NAN	
12.001	0.9315	398	NAN	
12.101	0.9465	404.5	NAN	
12.201	0.969	412.5	NAN	
12.301	0.9795	417.5	NAN	
12.401	0.99	423	NAN	
12.501	1.0005	426.5	NAN	
12.601	1.011	431	NAN	
12.701	1.0215	435.5	NAN	
12.801	1.044	441.5	NAN	
12.901	1.056	447	NAN	
13.001	1.068	451	NAN	
13.101	1.0785	455.5	NAN	
13.201	1.095	461	NAN	
13.301	1.1145	467.5	NAN	
13.401	1.137	475.5	NAN	
13.501	1.1565	482	NAN	
13.601	1.1685	487	NAN	
13.701	1.1775	491	NAN	
13.801	1.1835	493.5	NAN	
13.901	1.2	498.5	NAN	
14.001	1.215	503	NAN	
14.101	1.2285	508.5	NAN	
14.201	1.2525	515.5	NAN	
14.301	1.2675	521.5	NAN	
14.401	1.2825	526.5	NAN	
14.501	1.2975	532	NAN	
14.601	1.3065	536	NAN	
14.701	1.3365	542.5	NAN	
14.801	1.3575	550.5	NAN	
14.901	1.383	559	NAN	
15.001	1.389	563	NAN	
15.101	1.413	569	NAN	
15.201	1.425	574	NAN	
15.301	1.461	583.5	NAN	
15.401	1.476	590	NAN	
15.501	1.494	596	NAN	
15.601	1.506	600.5	NAN	
15.701	1.515	604.5	NAN	
15.801	1.5285	608	NAN	
15.901	1.5435	613	NAN	
16.001	1.5585	617	NAN	
16.101	1.575	621.5	NAN	
16.201	1.596	628	NAN	
16.301	1.602	631.5	NAN	
16.401	1.6035	632.5	NAN	
16.501	1.6035	633.5	NAN	
16.601	1.605	634	NAN	
16.701	1.617	636	NAN	
16.801	1.6275	639.5	NAN	
16.901	1.641	642.5	NAN	
17.001	1.6575	648	NAN	
17.101	1.662	650.5	NAN	
17.201	1.6635	651.5	NAN	
17.301	1.674	654	NAN	
17.401	1.683	657	NAN	
17.501	1.692	659	NAN	
17.601	1.6935	660.5	NAN	
17.701	1.6965	661.5	NAN	
17.801	1.7025	663	NAN	
17.901	1.71	666	NAN	
18.001	1.7265	669	NAN	
18.101	1.737	672.5	NAN	
18.201	1.7505	676	NAN	
18.301	1.7625	680	NAN	
18.401	1.7715	683	NAN	
18.501	1.782	686	NAN	
18.601	1.7985	690.5	NAN	
18.701	1.8105	694.5	NAN	
18.801	1.8285	698.5	NAN	
18.901	1.8345	701	NAN	
19.001	1.8375	703	NAN	
19.101	1.842	704.5	NAN	
19.201	1.845	705.5	NAN	
19.301	1.8525	707.5	NAN	
19.401	1.8705	711.5	NAN	
19.501	1.8795	713.5	NAN	
19.601	1.8915	717	NAN	
19.701	1.902	721	NAN	
19.801	1.9185	724.5	NAN	
19.901	1.938	730	NAN	
20.001	1.944	733	NAN	
20.101	1.9455	734.5	NAN	
20.201	1.9545	736	NAN	
20.301	1.9695	740	NAN	
20.401	1.986	743.5	NAN	
20.501	2.001	748	NAN	
20.601	2.016	752	NAN	
20.701	2.025	754.5	NAN	
20.801	2.028	756.5	NAN	
20.901	2.04	759	NAN	
21.001	2.0505	762	NAN	
21.101	2.0655	765.5	NAN	
21.201	2.079	769.5	NAN	
21.301	2.0805	771	NAN	
21.401	2.0835	771.5	NAN	
21.501	2.0835	773	NAN	
21.601	2.0865	772	NAN	
21.701	2.0865	772.5	NAN	
21.801	2.0925	774.5	NAN	
21.901	2.094	775	NAN	
22.001	2.0955	775	NAN	
22.101	2.0985	776	NAN	
22.201	2.1	776.5	NAN	
22.301	2.1075	778.5	NAN	
22.401	2.115	780	NAN	
22.501	2.124	781.5	NAN	
22.601	2.1375	785	NAN	
22.701	2.1615	790	NAN	
22.801	2.1975	797.5	NAN	
22.901	2.205	802	NAN	
23.001	2.211	804	NAN	
23.101	2.2305	808	NAN	
23.201	2.2545	813.5	NAN	
23.301	2.2665	817.5	NAN	
23.401	2.274	820	NAN	
23.501	2.298	824	NAN	
23.601	2.316	829	NAN	
23.701	2.3505	836.5	NAN	
23.801	2.3655	840.5	NAN	
23.901	2.3745	843.5	NAN	
24.001	2.382	846	NAN	
24.101	2.3925	848.5	NAN	
24.201	2.394	849.5	NAN	
24.301	2.3985	850.5	NAN	
24.401	2.409	852	NAN	
24.501	2.424	856	NAN	
24.601	2.445	859.5	NAN	
24.701	2.4555	862	NAN	
24.801	2.466	865.5	NAN	
24.901	2.481	867.5	NAN	
25.001	2.49	870.5	NAN	
25.101	2.4945	872	NAN	
25.201	2.505	874	NAN	
25.301	2.514	876	NAN	
25.401	2.5275	878	NAN	
25.501	2.5575	883	NAN	
25.601	2.5785	888	NAN	
25.701	2.5845	890.5	NAN	
25.801	2.5965	893.5	NAN	
25.901	2.604	895	NAN	
26.001	2.61	896.5	NAN	
26.101	2.637	900.5	NAN	
26.201	2.6445	903	NAN	
26.301	2.652	905	NAN	
26.401	2.664	907	NAN	
26.501	2.67	908.5	NAN	
26.601	2.6805	910	NAN	
26.701	2.6955	913	NAN	
26.801	2.7075	915.5	NAN	
26.901	2.7135	917	NAN	
27.001	2.7195	918	NAN	
27.101	2.7345	920.5	NAN	
27.201	2.742	922	NAN	
27.301	2.7585	925	NAN	
27.401	2.775	928	NAN	
27.501	2.784	930	NAN	
27.601	2.793	931.5	NAN	
27.701	2.8065	934	NAN	
27.801	2.808	935.5	NAN	
27.901	2.814	936	NAN	
28.001	2.8215	937.5	NAN	
28.101	2.829	938.5	NAN	
28.201	2.832	939	NAN	
28.301	2.8425	940.5	NAN	
28.401	2.8455	942	NAN	
28.501	2.8485	942	NAN	
28.601	2.8545	943.5	NAN	
28.701	2.8605	944	NAN	
28.801	2.871	946	NAN	
28.901	2.8785	947.5	NAN	
29.001	2.8905	949.5	NAN	
29.101	2.9025	951.5	NAN	
29.201	2.913	953	NAN	
29.301	2.925	955	NAN	
29.401	2.931	956.5	NAN	
29.501	2.94	957.5	NAN	
29.601	2.9415	958.5	NAN	
29.701	2.946	959	NAN	
29.801	2.952	959.5	NAN	
29.901	2.958	961	NAN	
30.001	2.9625	961.5	NAN	
30.101	2.964	962	NAN	
30.201	2.982	963.5	NAN	
30.301	3	967.5	NAN	
30.401	2.9985	968	NAN	
30.501	2.997	968	NAN	
30.601	3.0015	968	NAN	
30.701	2.9955	967.5	NAN	
30.801	2.973	966.5	NAN	
30.901	2.9445	964	NAN	
31.001	2.889	959.5	NAN	
31.101	2.8575	956	NAN	
31.201	2.835	954	NAN	
31.301	2.823	952.5	NAN	
31.401	2.8095	951	NAN	
31.501	2.7975	950	NAN	
31.601	2.784	948.5	NAN	
31.701	2.7765	947.5	NAN	
31.801	2.76	946	NAN	
31.901	2.745	944	NAN	
32.001	2.73	942.5	NAN	
32.101	2.721	941	NAN	
32.201	2.703	939	NAN	
32.301	2.697	938.5	NAN	
32.401	2.6895	937	NAN	
32.501	2.67	935	NAN	
32.601	2.6505	932.5	NAN	
32.701	2.6325	930.5	NAN	
32.801	2.625	929	NAN	
32.901	2.6145	927.5	NAN	
33.001	2.598	925.5	NAN	
33.101	2.58	923	NAN	
33.201	2.5665	921	NAN	
33.301	2.55	919	NAN	
33.401	2.5335	916.5	NAN	
33.501	2.517	913.5	NAN	
33.601	2.508	912.5	NAN	
33.701	2.5005	911.5	NAN	
33.801	2.499	910.5	NAN	
33.901	2.4975	910	NAN	
34.001	2.4945	909.5	NAN	
34.101	2.4825	909	NAN	
34.201	2.4705	906.5	NAN	
34.301	2.4615	905	NAN	
34.401	2.448	903	NAN	
34.501	2.433	901	NAN	
34.601	2.4225	898.5	NAN	
34.701	2.412	897	NAN	
34.801	2.3955	894.5	NAN	
34.901	2.382	891.5	NAN	
35.001	2.3655	889	NAN	
35.101	2.3595	887.5	NAN	
35.201	2.3505	886	NAN	
35.301	2.334	883	NAN	
35.401	2.3055	879	NAN	
35.501	2.2935	876	NAN	
35.601	2.2695	872	NAN	
35.701	2.2515	868	NAN	
35.801	2.229	864	NAN	
35.901	2.22	861	NAN	
36.001	2.214	859.5	NAN	
36.101	2.2035	857.5	NAN	
36.201	2.1975	855.5	NAN	
36.301	2.1915	855	NAN	
36.401	2.184	853	NAN	
36.501	2.1825	852	NAN	
36.601	2.178	851.5	NAN	
36.701	2.1795	851	NAN	
36.801	2.175	851	NAN	
36.901	2.1555	848	NAN	
37.001	2.136	844	NAN	
37.101	2.112	839.5	NAN	
37.201	2.1015	836	NAN	
37.301	2.0925	833.5	NAN	
37.401	2.076	830	NAN	
37.501	2.0445	825	NAN	
37.601	2.0235	819.5	NAN	
37.701	2.0085	815	NAN	
37.801	2.0085	813.5	NAN	
37.901	2.0055	812.5	NAN	
38.001	1.9965	811	NAN	
38.101	1.986	808.5	NAN	
38.201	1.974	806	NAN	
38.301	1.953	802	NAN	
38.401	1.9425	798	NAN	
38.501	1.9335	796	NAN	
38.601	1.92	792.5	NAN	
38.701	1.9065	789.5	NAN	
38.801	1.899	787	NAN	
38.901	1.8855	784.5	NAN	
39.001	1.8705	780.5	NAN	
39.101	1.869	778.5	NAN	
39.201	1.857	776	NAN	
39.301	1.8405	772.5	NAN	
39.401	1.83	769.5	NAN	
39.501	1.8165	766	NAN	
39.601	1.7925	760.5	NAN	
39.701	1.7745	756	NAN	
39.801	1.7655	752	NAN	
39.901	1.7505	748.5	NAN	
40.001	1.74	745.5	NAN	
40.101	1.737	743.5	NAN	
40.201	1.7295	742	NAN	
40.301	1.725	740.5	NAN	
40.401	1.6965	735	NAN	
40.501	1.665	727	NAN	
40.601	1.6425	720.5	NAN	
40.701	1.6185	714	NAN	
40.801	1.6035	708.5	NAN	
40.901	1.599	705.5	NAN	
41.001	1.581	701.5	NAN	
41.101	1.5585	695.5	NAN	
41.201	1.5405	689.5	NAN	
41.301	1.5135	683.5	NAN	
41.401	1.497	676.5	NAN	
41.501	1.476	671	NAN	
41.601	1.467	667	NAN	
41.701	1.4295	658.5	NAN	
41.801	1.422	653.5	NAN	
41.901	1.41	650	NAN	
42.001	1.4025	647.5	NAN	
42.101	1.386	642.5	NAN	
42.201	1.3845	640.5	NAN	
42.301	1.3815	639	NAN	
42.401	1.3695	636.5	NAN	
42.501	1.3515	632	NAN	
42.601	1.3365	627	NAN	
42.701	1.3065	619.5	NAN	
42.801	1.3035	615.5	NAN	
42.901	1.29	612	NAN	
43.001	1.2675	606	NAN	
43.101	1.2435	598.5	NAN	
43.201	1.215	590	NAN	
43.301	1.191	582.5	NAN	
43.401	1.167	573.5	NAN	
43.501	1.143	566.5	NAN	
43.601	1.1205	558	NAN	
43.701	1.0935	549.5	NAN	
43.801	1.0695	541.5	NAN	
43.901	1.035	531	NAN	
44.001	1.0035	520	NAN	
44.101	0.996	514	NAN	
44.201	0.9735	507.5	NAN	
44.301	0.939	497	NAN	
44.401	0.9195	489	NAN	
44.501	0.9045	482.5	NAN	
44.601	0.8895	476	NAN	
44.701	0.87	470.5	NAN	
44.801	0.8475	461.5	NAN	
44.901	0.831	455	NAN	
45.001	0.8205	451	NAN	
45.101	0.798	443.5	NAN	
45.201	0.789	438.5	NAN	
45.301	0.7785	433.5	NAN	
45.401	0.756	427.5	NAN	
45.501	0.741	420.5	NAN	
45.601	0.732	416.5	NAN	
45.701	0.7125	409	NAN	
45.801	0.6975	404	NAN	
45.901	0.684	397.5	NAN	
46.001	0.675	393	NAN	
46.101	0.6555	386.5	NAN	
46.201	0.624	377	NAN	
46.301	0.606	368	NAN	
46.401	0.5805	356	NAN	
46.501	0.5535	346	NAN	
46.601	0.5265	335	NAN	
46.701	0.5025	322.5	NAN	
46.801	0.48	312.5	NAN	
46.901	0.4575	303.5	NAN	
47.001	0.429	291	NAN	
47.101	0.4155	282.5	NAN	
47.201	0.3975	273.5	NAN	
47.301	0.369	260.5	NAN	
47.401	0.357	254	NAN	
47.501	0.354	250.5	NAN	
47.601	0.348	248	NAN	
47.701	0.3465	245.5	NAN	
47.801	0.339	242.5	NAN	
47.901	0.3375	240.5	NAN	
48.001	0.324	237.5	NAN	
48.101	0.312	230	NAN	
48.201	0.294	223.5	NAN	
48.301	0.282	217	NAN	
48.401	0.249	203.5	NAN	
48.501	0.228	192.5	NAN	
48.601	0.204	181	NAN	
48.701	0.189	171.5	NAN	
48.801	0.18	166.5	NAN	
48.901	0.1605	159	NAN	
49.001	0.15	151	NAN	
49.101	0.135	145	NAN	
49.201	0.123	138	NAN	
49.301	0.1095	130.5	NAN	
49.401	0.099	126	NAN	
49.501	0.081	117	NAN	
49.601	0.054	105	NAN	
49.701	0.036	95.5	NAN	
49.801	0.0225	88	NAN	
49.901	0	77.5	NAN	
50.001	0.0015	74	NAN	
50.101	0.0015	72.5	NAN	
50.201	-0.0015	71.5	NAN	
50.301	0	71.5	NAN	
50.401	0	70.5	NAN	
50.501	-0.0015	70.5	NAN	
50.601	0	70.5	NAN	
50.701	0	70	NAN	
50.801	0	70	NAN	
50.901	0	70	NAN	
51.001	0	70	NAN	
51.101	0.003	70	NAN	
51.201	0	70	NAN	
51.301	0	70	NAN	
51.401	0	70	NAN	
51.501	0	70	NAN	
51.601	-0.0015	70	NAN	
51.701	0	70	NAN	
51.801	0	69.5	NAN	
51.901	0	70	NAN	
52.001	0	70	NAN	
52.101	0	70	NAN	
52.201	-0.0015	70	NAN	
52.301	-0.0015	70	NAN	
52.401	0	70	NAN	
52.501	-0.0015	70	NAN	
52.601	0	70	NAN	
52.701	0	70	NAN	
52.801	0	69.5	NAN	
52.901	0	70	NAN	
53.001	-0.0015	70	NAN	
53.101	0.0015	69.5	NAN	
53.201	0	70	NAN	
53.301	0	70	NAN	
53.401	-0.0015	70	NAN	
53.501	-0.021	66.5	NAN	
53.601	-0.0375	57.5	NAN	
53.701	-0.0735	44	NAN	
53.801	-0.1065	26.5	NAN	
53.901	-0.1215	18.5	NAN	
54.001	-0.1335	11.5	NAN	
54.101	-0.1425	6	NAN	
54.201	-0.1575	0	NAN	
54.301	-0.168	-6.5	NAN	
54.401	-0.1815	-13	NAN	
54.501	-0.192	-19	NAN	
54.601	-0.1995	-23	NAN	
54.701	-0.2085	-27.5	NAN	
54.801	-0.216	-31.5	NAN	
54.901	-0.228	-36.5	NAN	
55.001	-0.24	-43.5	NAN	
55.101	-0.2595	-50.5	NAN	
55.201	-0.273	-58.5	NAN	
55.301	-0.2835	-63.5	NAN	
55.401	-0.2955	-68.5	NAN	
55.501	-0.3105	-75.5	NAN	
55.601	-0.3195	-81	NAN	
55.701	-0.3285	-85	NAN	
55.801	-0.339	-89.5	NAN	
55.901	-0.348	-94.5	NAN	
56.001	-0.3525	-98	NAN	
56.101	-0.3615	-102	NAN	
56.201	-0.3735	-107.5	NAN	
56.301	-0.39	-114.5	NAN	
56.401	-0.402	-120.5	NAN	
56.501	-0.4065	-124	NAN	
56.601	-0.4125	-126.5	NAN	
56.701	-0.4155	-129	NAN	
56.801	-0.4215	-132	NAN	
56.901	-0.426	-134	NAN	
57.001	-0.444	-141	NAN	
57.101	-0.456	-147	NAN	
57.201	-0.468	-152	NAN	
57.301	-0.474	-156.5	NAN	
57.401	-0.4815	-160	NAN	
57.501	-0.495	-164.5	NAN	
57.601	-0.507	-169.5	NAN	
57.701	-0.5115	-173.5	NAN	
57.801	-0.519	-177.5	NAN	
57.901	-0.531	-182.5	NAN	
58.001	-0.5385	-187	NAN	
58.101	-0.543	-190	NAN	
58.201	-0.549	-192.5	NAN	
58.301	-0.555	-195	NAN	
58.401	-0.561	-199	NAN	
58.501	-0.57	-202.5	NAN	
58.601	-0.5805	-206.5	NAN	
58.701	-0.5865	-210	NAN	
58.801	-0.5955	-213.5	NAN	
58.901	-0.609	-218.5	NAN	
59.001	-0.6165	-222.5	NAN	
59.101	-0.6225	-226.5	NAN	
59.201	-0.6345	-231	NAN	
59.301	-0.6465	-235.5	NAN	
59.401	-0.654	-241	NAN	
59.501	-0.6615	-244	NAN	
59.601	-0.6735	-248.5	NAN	
59.701	-0.684	-253	NAN	
59.801	-0.693	-258	NAN	
59.901	-0.708	-263.5	NAN	
60.001	-0.729	-271.5	NAN	
60.101	-0.7425	-278	NAN	
60.201	-0.7485	-282	NAN	
60.301	-0.7575	-287	NAN	
60.401	-0.774	-292.5	NAN	
60.501	-0.786	-298	NAN	
60.601	-0.792	-302	NAN	
60.701	-0.8085	-307.5	NAN	
60.801	-0.822	-314.5	NAN	
60.901	-0.8295	-319	NAN	
61.001	-0.8445	-324	NAN	
61.101	-0.879	-335	NAN	
61.201	-0.9045	-346.5	NAN	
61.301	-0.9195	-354.5	NAN	
61.401	-0.93	-360.5	NAN	
61.501	-0.9405	-365.5	NAN	
61.601	-0.966	-374.5	NAN	
61.701	-0.981	-381	NAN	
61.801	-0.9915	-387	NAN	
61.901	-0.996	-390.5	NAN	
62.001	-1.0065	-394	NAN	
62.101	-1.014	-397.5	NAN	
62.201	-1.029	-403	NAN	
62.301	-1.053	-411	NAN	
62.401	-1.074	-418.5	NAN	
62.501	-1.0845	-424.5	NAN	
62.601	-1.0965	-430	NAN	
62.701	-1.116	-436.5	NAN	
62.801	-1.1355	-444	NAN	
62.901	-1.1445	-449	NAN	
63.001	-1.1595	-454.5	NAN	
63.101	-1.179	-461	NAN	
63.201	-1.1985	-468.5	NAN	
63.301	-1.2135	-474.5	NAN	
63.401	-1.239	-483	NAN	
63.501	-1.254	-490	NAN	
63.601	-1.269	-496	NAN	
63.701	-1.2945	-504	NAN	
63.801	-1.311	-511.5	NAN	
63.901	-1.341	-521	NAN	
64.001	-1.35	-526.5	NAN	
64.101	-1.365	-531.5	NAN	
64.201	-1.3845	-538.5	NAN	
64.301	-1.3935	-543.5	NAN	
64.401	-1.407	-548	NAN	
64.501	-1.416	-551.5	NAN	
64.601	-1.428	-555.5	NAN	
64.701	-1.452	-562.5	NAN	
64.801	-1.4685	-569	NAN	
64.901	-1.4775	-573	NAN	
65.001	-1.491	-577.5	NAN	
65.101	-1.503	-582	NAN	
65.201	-1.5165	-586.5	NAN	
65.301	-1.5315	-591	NAN	
65.401	-1.5405	-595	NAN	
65.501	-1.557	-599.5	NAN	
65.601	-1.5615	-603	NAN	
65.701	-1.5855	-608	NAN	
65.801	-1.605	-615	NAN	
65.901	-1.608	-618	NAN	
66.001	-1.6155	-620.5	NAN	
66.101	-1.623	-623.5	NAN	
66.201	-1.6335	-626	NAN	
66.301	-1.6365	-628.5	NAN	
66.401	-1.6425	-630.5	NAN	
66.501	-1.6485	-631.5	NAN	
66.601	-1.659	-635	NAN	
66.701	-1.665	-637	NAN	
66.801	-1.6665	-639	NAN	
66.901	-1.6695	-640	NAN	
67.001	-1.6725	-640.5	NAN	
67.101	-1.6755	-642	NAN	
67.201	-1.6815	-643.5	NAN	
67.301	-1.6905	-646	NAN	
67.401	-1.6995	-648	NAN	
67.501	-1.707	-651	NAN	
67.601	-1.71	-652.5	NAN	
67.701	-1.7145	-654	NAN	
67.801	-1.7295	-657	NAN	
67.901	-1.731	-659	NAN	
68.001	-1.7325	-660	NAN	
68.101	-1.7385	-661.5	NAN	
68.201	-1.7535	-664.5	NAN	
68.301	-1.77	-668.5	NAN	
68.401	-1.782	-673	NAN	
68.501	-1.7955	-677	NAN	
68.601	-1.809	-681	NAN	
68.701	-1.8255	-685.5	NAN	
68.801	-1.8375	-689.5	NAN	
68.901	-1.845	-693	NAN	
69.001	-1.851	-695	NAN	
69.101	-1.86	-698	NAN	
69.201	-1.872	-701	NAN	
69.301	-1.878	-703	NAN	
69.401	-1.89	-706	NAN	
69.501	-1.9065	-710.5	NAN	
69.601	-1.923	-715	NAN	
69.701	-1.947	-720.5	NAN	
69.801	-1.9605	-725	NAN	
69.901	-1.9695	-729.5	NAN	
70.001	-1.98	-732	NAN	
70.101	-2.004	-737	NAN	
70.201	-2.0295	-745	NAN	
70.301	-2.0625	-752.5	NAN	
70.401	-2.0865	-760	NAN	
70.501	-2.109	-766	NAN	
70.601	-2.1285	-771	NAN	
70.701	-2.142	-776.5	NAN	
70.801	-2.157	-780.5	NAN	
70.901	-2.1615	-783.5	NAN	
71.001	-2.1675	-784.5	NAN	
71.101	-2.1825	-787	NAN	
71.201	-2.2005	-792	NAN	
71.301	-2.2095	-796	NAN	
71.401	-2.2215	-798.5	NAN	
71.501	-2.244	-803	NAN	
71.601	-2.265	-807.5	NAN	
71.701	-2.28	-811	NAN	
71.801	-2.3025	-816	NAN	
71.901	-2.313	-819.5	NAN	
72.001	-2.3415	-826.5	NAN	
72.101	-2.3535	-830.5	NAN	
72.201	-2.361	-831	NAN	
72.301	-2.367	-834	NAN	
72.401	-2.373	-836	NAN	
72.501	-2.376	-835	NAN	
72.601	-2.388	-840.5	NAN	
72.701	-2.4015	-841	NAN	
72.801	-2.421	-845	NAN	
72.901	-2.4345	-850.5	NAN	
73.001	-2.445	-852.5	NAN	
73.101	-2.451	-853	NAN	
73.201	-2.4675	-856.5	NAN	
73.301	-2.4885	-859.5	NAN	
73.401	-2.4975	-865.5	NAN	
73.501	-2.5095	-865	NAN	
73.601	-2.5245	-872	NAN	
73.701	-2.541	-873.5	NAN	
73.801	-2.5605	-879.5	NAN	
73.901	-2.5815	-883.5	NAN	
74.001	-2.595	-883	NAN	
74.101	-2.5995	-888	NAN	
74.201	-2.6055	-889.5	NAN	
74.301	-2.6145	-892.5	NAN	
74.401	-2.6325	-893	NAN	
74.501	-2.661	-899	NAN	
74.601	-2.691	-902	NAN	
74.701	-2.7045	-909.5	NAN	
74.801	-2.7165	-911	NAN	
74.901	-2.736	-911.5	NAN	
75.001	-2.748	-915.5	NAN	
75.101	-2.7585	-920	NAN	
75.201	-2.769	-919	NAN	
75.301	-2.7765	-923	NAN	
75.401	-2.787	-926	NAN	
75.501	-2.79	-927.5	NAN	
75.601	-2.796	-928	NAN	
75.701	-2.8035	-927	NAN	
75.801	-2.8065	-928.5	NAN	
75.901	-2.817	-929.5	NAN	
76.001	-2.823	-930	NAN	
76.101	-2.829	-932	NAN	
76.201	-2.835	-932	NAN	
76.301	-2.838	-936	NAN	
76.401	-2.847	-937.5	NAN	
76.501	-2.8515	-937.5	NAN	
76.601	-2.856	-936.5	NAN	
76.701	-2.8695	-940.5	NAN	
76.801	-2.8935	-941.5	NAN	
76.901	-2.91	-947	NAN	
77.001	-2.9205	-945	NAN	
77.101	-2.937	-952	NAN	
77.201	-2.9445	-952.5	NAN	
77.301	-2.9535	-952	NAN	
77.401	-2.958	-956.5	NAN	
77.501	-2.964	-952	NAN	
77.601	-2.964	-956.5	NAN	
77.701	-2.976	-957	NAN	
77.801	-2.9865	-956.5	NAN	
77.901	-3.0105	-964	NAN	
78.001	-3.009	-965	NAN	
78.101	-3.0105	-960.5	NAN	
78.201	-3.0105	-962.5	NAN	
78.301	-2.9715	-959.5	NAN	
78.401	-2.955	-959.5	NAN	
78.501	-2.9415	-955	NAN	
78.601	-2.9085	-952.5	NAN	
78.701	-2.856	-953	NAN	
78.801	-2.8305	-950	NAN	
78.901	-2.8005	-947	NAN	
79.001	-2.7705	-939	NAN	
79.101	-2.742	-935.5	NAN	
79.201	-2.7255	-935	NAN	
79.301	-2.7015	-932	NAN	
79.401	-2.688	-934	NAN	
79.501	-2.673	-930	NAN	
79.601	-2.655	-929	NAN	
79.701	-2.643	-922.5	NAN	
79.801	-2.6295	-921	NAN	
79.901	-2.607	-920	NAN	
80.001	-2.598	-921	NAN	
80.101	-2.574	-919	NAN	
80.201	-2.5575	-916	NAN	
80.301	-2.5425	-911.5	NAN	
80.401	-2.526	-910	NAN	
80.501	-2.5185	-909	NAN	
80.601	-2.511	-908.5	NAN	
80.701	-2.493	-906.5	NAN	
80.801	-2.4675	-903	NAN	
80.901	-2.448	-899.5	NAN	
81.001	-2.439	-897.5	NAN	
81.101	-2.4225	-894	NAN	
81.201	-2.4075	-889.5	NAN	
81.301	-2.3985	-890	NAN	
81.401	-2.388	-886.5	NAN	
81.501	-2.373	-884.5	NAN	
81.601	-2.358	-883.5	NAN	
81.701	-2.3235	-879	NAN	
81.801	-2.3025	-872	NAN	
81.901	-2.295	-867.5	NAN	
82.001	-2.2725	-867	NAN	
82.101	-2.2635	-862.5	NAN	
82.201	-2.2575	-861.5	NAN	
82.301	-2.2425	-861	NAN	
82.401	-2.226	-858.5	NAN	
82.501	-2.2095	-854.5	NAN	
82.601	-2.1945	-850	NAN	
82.701	-2.178	-844.5	NAN	
82.801	-2.163	-845.5	NAN	
82.901	-2.1495	-838	NAN	
83.001	-2.1405	-840	NAN	
83.101	-2.13	-837	NAN	
83.201	-2.121	-834	NAN	
83.301	-2.118	-834	NAN	
83.401	-2.1045	-830.5	NAN	
83.501	-2.094	-829.5	NAN	
83.601	-2.0805	-826.5	NAN	
83.701	-2.064	-823	NAN	
83.801	-2.049	-817	NAN	
83.901	-2.0475	-818	NAN	
84.001	-2.037	-815.5	NAN	
84.101	-2.0295	-813	NAN	
84.201	-2.0265	-812	NAN	
84.301	-2.019	-809	NAN	
84.401	-1.9995	-808	NAN	
84.501	-1.9815	-804	NAN	
84.601	-1.9755	-800.5	NAN	
84.701	-1.9695	-800	NAN	
84.801	-1.9635	-797.5	NAN	
84.901	-1.9515	-794.5	NAN	
85.001	-1.947	-792.5	NAN	
85.101	-1.941	-790	NAN	
85.201	-1.9395	-791	NAN	
85.301	-1.9305	-790	NAN	
85.401	-1.9215	-787	NAN	
85.501	-1.911	-785	NAN	
85.601	-1.905	-782	NAN	
85.701	-1.9005	-781	NAN	
85.801	-1.8915	-778	NAN	
85.901	-1.8825	-777.5	NAN	
86.001	-1.875	-774.5	NAN	
86.101	-1.863	-771	NAN	
86.201	-1.8525	-769	NAN	
86.301	-1.8465	-767	NAN	
86.401	-1.8435	-765.5	NAN	
86.501	-1.8345	-764	NAN	
86.601	-1.8255	-762	NAN	
86.701	-1.806	-757.5	NAN	
86.801	-1.7955	-754	NAN	
86.901	-1.782	-750.5	NAN	
87.001	-1.7715	-748	NAN	
87.101	-1.767	-746	NAN	
87.201	-1.764	-744.5	NAN	
87.301	-1.761	-744	NAN	
87.401	-1.7565	-743	NAN	
87.501	-1.7415	-740	NAN	
87.601	-1.7355	-738	NAN	
87.701	-1.734	-736	NAN	
87.801	-1.7265	-735	NAN	
87.901	-1.719	-732.5	NAN	
88.001	-1.704	-729.5	NAN	
88.101	-1.6935	-726.5	NAN	
88.201	-1.686	-724	NAN	
88.301	-1.68	-722	NAN	
88.401	-1.671	-719.5	NAN	
88.501	-1.662	-716.5	NAN	
88.601	-1.6545	-714.5	NAN	
88.701	-1.6485	-712.5	NAN	
88.801	-1.6365	-709.5	NAN	
88.901	-1.632	-708	NAN	
89.001	-1.626	-706	NAN	
89.101	-1.617	-704.5	NAN	
89.201	-1.6095	-702	NAN	
89.301	-1.605	-700	NAN	
89.401	-1.5975	-698.5	NAN	
89.501	-1.584	-694.5	NAN	
89.601	-1.569	-691	NAN	
89.701	-1.5525	-686	NAN	
89.801	-1.524	-679	NAN	
89.901	-1.515	-675	NAN	
90.001	-1.5075	-672.5	NAN	
90.101	-1.497	-669.5	NAN	
90.201	-1.4895	-667	NAN	
90.301	-1.482	-664	NAN	
90.401	-1.4715	-661.5	NAN	
90.501	-1.47	-660	NAN	
90.601	-1.47	-659	NAN	
90.701	-1.464	-658	NAN	
90.801	-1.4595	-656.5	NAN	
90.901	-1.4385	-652	NAN	
91.001	-1.422	-647	NAN	
91.101	-1.419	-644.5	NAN	
91.201	-1.413	-642.5	NAN	
91.301	-1.4025	-639.5	NAN	
91.401	-1.389	-636	NAN	
91.501	-1.383	-633.5	NAN	
91.601	-1.368	-630	NAN	
91.701	-1.3545	-625.5	NAN	
91.801	-1.35	-623	NAN	
91.901	-1.338	-620	NAN	
92.001	-1.311	-613.5	NAN	
92.101	-1.302	-609	NAN	
92.201	-1.2945	-606	NAN	
92.301	-1.269	-600	NAN	
92.401	-1.251	-593.5	NAN	
92.501	-1.2345	-588.5	NAN	
92.601	-1.2225	-584	NAN	
92.701	-1.2105	-579.5	NAN	
92.801	-1.1925	-574.5	NAN	
92.901	-1.167	-566.5	NAN	
93.001	-1.152	-561.5	NAN	
93.101	-1.1415	-557	NAN	
93.201	-1.131	-553	NAN	
93.301	-1.1175	-549	NAN	
93.401	-1.086	-540	NAN	
93.501	-1.0755	-534.5	NAN	
93.601	-1.062	-529.5	NAN	
93.701	-1.0515	-526	NAN	
93.801	-1.047	-523.5	NAN	
93.901	-1.026	-518.5	NAN	
94.001	-1.008	-512.5	NAN	
94.101	-0.9975	-507.5	NAN	
94.201	-0.996	-505.5	NAN	
94.301	-0.993	-504	NAN	
94.401	-0.9885	-502.5	NAN	
94.501	-0.978	-499	NAN	
94.601	-0.9615	-494.5	NAN	
94.701	-0.9345	-487.5	NAN	
94.801	-0.9225	-481	NAN	
94.901	-0.912	-476.5	NAN	
95.001	-0.906	-473.5	NAN	
95.101	-0.894	-470	NAN	
95.201	-0.891	-467.5	NAN	
95.301	-0.879	-464.5	NAN	
95.401	-0.864	-459.5	NAN	
95.501	-0.852	-454.5	NAN	
95.601	-0.84	-450	NAN	
95.701	-0.8325	-447	NAN	
95.801	-0.828	-444	NAN	
95.901	-0.8205	-442	NAN	
96.001	-0.813	-440	NAN	
96.101	-0.7995	-434	NAN	
96.201	-0.789	-430.5	NAN	
96.301	-0.7755	-426	NAN	
96.401	-0.762	-421	NAN	
96.501	-0.7425	-414	NAN	
96.601	-0.7245	-407.5	NAN	
96.701	-0.699	-397.5	NAN	
96.801	-0.684	-391	NAN	
96.901	-0.669	-385.5	NAN	
97.001	-0.6555	-379	NAN	
97.101	-0.6465	-374	NAN	
97.201	-0.636	-370	NAN	
97.301	-0.6255	-366	NAN	
97.401	-0.6135	-361	NAN	
97.501	-0.6075	-357.5	NAN	
97.601	-0.597	-353.5	NAN	
97.701	-0.5775	-346.5	NAN	
97.801	-0.558	-338.5	NAN	
97.901	-0.5385	-330.5	NAN	
98.001	-0.522	-323.5	NAN	
98.101	-0.5115	-317.5	NAN	
98.201	-0.5025	-314	NAN	
98.301	-0.495	-309.5	NAN	
98.401	-0.486	-305.5	NAN	
98.501	-0.477	-301	NAN	
98.601	-0.471	-298	NAN	
98.701	-0.4545	-291	NAN	
98.801	-0.438	-284	NAN	
98.901	-0.423	-276.5	NAN	
99.001	-0.4095	-270.5	NAN	
99.101	-0.396	-264	NAN	
99.201	-0.384	-258.5	NAN	
99.301	-0.375	-253.5	NAN	
99.401	-0.3705	-250	NAN	
99.501	-0.3645	-247	NAN	
99.601	-0.3615	-245	NAN	
99.701	-0.351	-241.5	NAN	
99.801	-0.3345	-234.5	NAN	
99.901	-0.324	-229	NAN	
100.001	-0.306	-221.5	NAN	
100.101	-0.2925	-214	NAN	
100.201	-0.2895	-210	NAN	
100.301	-0.285	-208.5	NAN	
100.401	-0.2775	-205.5	NAN	
100.501	-0.249	-195	NAN	
100.601	-0.234	-186	NAN	
100.701	-0.204	-173.5	NAN	
100.801	-0.198	-165.5	NAN	
100.901	-0.198	-163.5	NAN	
101.001	-0.198	-162	NAN	
101.101	-0.195	-161	NAN	
101.201	-0.1875	-159.5	NAN	
101.301	-0.1515	-148.5	NAN	
101.401	-0.1065	-128	NAN	
101.501	-0.084	-114	NAN	
101.601	-0.0585	-100	NAN	
101.701	-0.042	-90.5	NAN	
101.801	-0.03	-83.5	NAN	
101.901	-0.012	-76	NAN	
102.001	0	-68	NAN	
102.101	0	-65	NAN	
102.201	0	-64	NAN	
102.301	0	-63	NAN	
102.401	-0.0015	-62.5	NAN	
102.501	-0.0015	-62	NAN	
102.601	0	-62	NAN	
102.701	0.0015	-62	NAN	
102.801	0.0015	-62	NAN	
102.901	0	-62.5	NAN	
103.001	0	-61.5	NAN	
103.101	-0.0015	-62	NAN	
103.201	0	-61.5	NAN	
103.301	0	-61	NAN	
103.401	0	-61.5	NAN	
103.501	0.0015	-61.5	NAN	
103.601	0.0015	-61.5	NAN	
103.701	0	-61.5	NAN	
103.801	0	-61.5	NAN	
103.901	0	-61.5	NAN	
104.001	0	-61.5	NAN	
104.101	0	-61	NAN	
104.201	-0.0015	-61.5	NAN	
104.301	-0.0015	-61	NAN	
104.401	0	-61.5	NAN	
104.501	0.0015	-61.5	NAN	
104.601	-0.0015	-61.5	NAN	
104.701	-0.0015	-61.5	NAN	
104.801	0.0015	-61.5	NAN	
104.901	0.0015	-61.5	NAN	
105.001	0	-61.5	NAN	
105.101	0.0015	-61	NAN	
105.201	-0.0015	-61	NAN	
105.301	0	-61.5	NAN	
105.401	0	-61.5	NAN	
105.501	0	-61.5	NAN	
105.601	0.0015	-61.5	NAN	
105.701	0.0015	-61.5	NAN	
105.801	0.0015	-61	NAN	
105.901	0	-61.5	NAN	
106.001	0.024	-57	NAN	
106.101	0.036	-50.5	NAN	
106.201	0.0645	-39.5	NAN	
106.301	0.102	-22	NAN	
106.401	0.12	-11	NAN	
106.501	0.1365	-3	NAN	
106.601	0.1485	4	NAN	
106.701	0.1605	10	NAN	
106.801	0.174	16	NAN	
106.901	0.1905	24	NAN	
107.001	0.207	32.5	NAN	
107.101	0.228	42.5	NAN	
107.201	0.2445	50.5	NAN	
107.301	0.2625	58.5	NAN	
107.401	0.282	68	NAN	
107.501	0.2895	74.5	NAN	
107.601	0.3	79.5	NAN	
107.701	0.3135	85.5	NAN	
107.801	0.3375	96	NAN	
107.901	0.348	102.5	NAN	
108.001	0.3585	107	NAN	
108.101	0.3645	111.5	NAN	
108.201	0.3705	115.5	NAN	
108.301	0.3735	118	NAN	
108.401	0.3885	123	NAN	
108.501	0.4095	132	NAN	
108.601	0.4185	137.5	NAN	
108.701	0.426	141.5	NAN	
108.801	0.441	147	NAN	
108.901	0.4515	153.5	NAN	
109.001	0.4695	160.5	NAN	
109.101	0.477	166	NAN	
109.201	0.483	169	NAN	
109.301	0.4905	172.5	NAN	
109.401	0.498	176	NAN	
109.501	0.5055	180	NAN	
109.601	0.513	183.5	NAN	
109.701	0.522	187.5	NAN	
109.801	0.534	192	NAN	
109.901	0.5415	196	NAN	
110.001	0.552	200	NAN	
110.101	0.555	204	NAN	
110.201	0.558	205.5	NAN	
110.301	0.564	207.5	NAN	
110.401	0.576	212	NAN	
110.501	0.5895	219	NAN	
110.601	0.606	224.5	NAN	
110.701	0.612	229.5	NAN	
110.801	0.621	233.5	NAN	
110.901	0.63	237.5	NAN	
111.001	0.6495	244.5	NAN	
111.101	0.66	251.5	NAN	
111.201	0.672	256	NAN	
111.301	0.6825	261.5	NAN	
111.401	0.696	267	NAN	
111.501	0.7125	273.5	NAN	
111.601	0.732	281	NAN	
111.701	0.741	287	NAN	
111.801	0.7575	293	NAN	
111.901	0.771	300.5	NAN	
112.001	0.7815	305.5	NAN	
112.101	0.792	310.5	NAN	
112.201	0.804	315.5	NAN	
112.301	0.822	323	NAN	
112.401	0.825	326.5	NAN	
112.501	0.8355	330.5	NAN	
112.601	0.858	337	NAN	
112.701	0.903	352.5	NAN	
112.801	0.9315	366	NAN	
112.901	0.96	377	NAN	
113.001	0.978	386.5	NAN	
113.101	0.996	394.5	NAN	
113.201	1.008	401	NAN	
113.301	1.017	406	NAN	
113.401	1.0305	411	NAN	
113.501	1.0485	417.5	NAN	
113.601	1.0635	424.5	NAN	
113.701	1.08	430.5	NAN	
113.801	1.0875	435.5	NAN	
113.901	1.098	440	NAN	
114.001	1.11	445	NAN	
114.101	1.131	452	NAN	
114.201	1.1415	457.5	NAN	
114.301	1.1565	462	NAN	
114.401	1.1655	466.5	NAN	
114.501	1.1775	472	NAN	
114.601	1.1985	478	NAN	
114.701	1.221	486	NAN	
114.801	1.251	495.5	NAN	
114.901	1.2645	502.5	NAN	
115.001	1.275	508	NAN	
115.101	1.2885	513.5	NAN	
115.201	1.305	519	NAN	
115.301	1.308	522.5	NAN	
115.401	1.3155	525	NAN	
115.501	1.335	530.5	NAN	
115.601	1.347	536	NAN	
115.701	1.356	539.5	NAN	
115.801	1.3665	544	NAN	
115.901	1.3845	549.5	NAN	
116.001	1.392	553	NAN	
116.101	1.404	557	NAN	
116.201	1.4145	561	NAN	
116.301	1.425	564	NAN	
116.401	1.431	567.5	NAN	
116.501	1.4565	573.5	NAN	
116.601	1.4805	581.5	NAN	
116.701	1.506	589.5	NAN	
116.801	1.527	597	NAN	
116.901	1.5405	602.5	NAN	
117.001	1.554	608	NAN	
117.101	1.566	612	NAN	
117.201	1.578	616	NAN	
117.301	1.596	621.5	NAN	
117.401	1.6035	625.5	NAN	
117.501	1.608	628	NAN	
117.601	1.617	630.5	NAN	
117.701	1.632	634.5	NAN	
117.801	1.653	640	NAN	
117.901	1.6785	647	NAN	
118.001	1.6965	653.5	NAN	
118.101	1.7115	659	NAN	
118.201	1.7265	663.5	NAN	
118.301	1.7325	667	NAN	
118.401	1.7385	669	NAN	
118.501	1.7445	671	NAN	
118.601	1.752	673.5	NAN	
118.701	1.758	676	NAN	
118.801	1.77	679	NAN	
118.901	1.7775	681.5	NAN	
119.001	1.7835	684	NAN	
119.101	1.797	687	NAN	
119.201	1.8105	690.5	NAN	
119.301	1.8255	695	NAN	
119.401	1.845	700.5	NAN	
119.501	1.869	706	NAN	
119.601	1.8795	711.5	NAN	
119.701	1.89	716	NAN	
119.801	1.896	718	NAN	
119.901	1.896	719	NAN	
120.001	1.896	719.5	NAN	
120.101	1.899	719.5	NAN	
120.201	1.902	720.5	NAN	
120.301	1.911	722	NAN	
120.401	1.9305	726	NAN	
120.501	1.953	732	NAN	
120.601	1.9725	737.5	NAN	
120.701	1.9785	740.5	NAN	
120.801	1.9845	743	NAN	
120.901	2.007	747.5	NAN	
121.001	2.022	752.5	NAN	
121.101	2.0325	755.5	NAN	
121.201	2.04	758	NAN	
121.301	2.055	762	NAN	
121.401	2.061	765	NAN	
121.501	2.073	767	NAN	
121.601	2.0865	771	NAN	
121.701	2.1105	776.5	NAN	
121.801	2.136	782.5	NAN	
121.901	2.1465	786.5	NAN	
122.001	2.1585	790	NAN	
122.101	2.184	795.5	NAN	
122.201	2.2095	802	NAN	
122.301	2.235	807.5	NAN	
122.401	2.2605	814.5	NAN	
122.501	2.2725	818.5	NAN	
122.601	2.283	822	NAN	
122.701	2.31	827	NAN	
122.801	2.343	834.5	NAN	
122.901	2.358	839.5	NAN	
123.001	2.367	842.5	NAN	
123.101	2.3775	845	NAN	
123.201	2.3925	848.5	NAN	
123.301	2.4045	851.5	NAN	
123.401	2.409	853	NAN	
123.501	2.4135	854.5	NAN	
123.601	2.4285	857.5	NAN	
123.701	2.4375	859.5	NAN	
123.801	2.4555	863	NAN	
123.901	2.472	866.5	NAN	
124.001	2.49	870	NAN	
124.101	2.5005	874	NAN	
124.201	2.517	876.5	NAN	
124.301	2.526	879	NAN	
124.401	2.535	881.5	NAN	
124.501	2.559	885.5	NAN	
124.601	2.5665	888	NAN	
124.701	2.5725	889.5	NAN	
124.801	2.589	892.5	NAN	
124.901	2.6085	896	NAN	
125.001	2.619	898.5	NAN	
125.101	2.631	902	NAN	
125.201	2.6475	904.5	NAN	
125.301	2.6595	907	NAN	
125.401	2.67	909.5	NAN	
125.501	2.679	911	NAN	
125.601	2.682	912.5	NAN	
125.701	2.6895	914	NAN	
125.801	2.6955	915	NAN	
125.901	2.7015	916	NAN	
126.001	2.7015	917	NAN	
126.101	2.7075	917.5	NAN	
126.201	2.718	918.5	NAN	
126.301	2.727	920.5	NAN	
126.401	2.736	922.5	NAN	
126.501	2.7435	924	NAN	
126.601	2.748	925	NAN	
126.701	2.76	927	NAN	
126.801	2.7795	930	NAN	
126.901	2.7975	933.5	NAN	
127.001	2.8215	937	NAN	
127.101	2.832	940	NAN	
127.201	2.832	940.5	NAN	
127.301	2.841	942.5	NAN	
127.401	2.868	945.5	NAN	
127.501	2.895	950.5	NAN	
127.601	2.9055	953	NAN	
127.701	2.9115	954.5	NAN	
127.801	2.925	956.5	NAN	
127.901	2.946	959.5	NAN	
128.001	2.9505	961	NAN	
128.101	2.952	961.5	NAN	
128.201	2.961	962.5	NAN	
128.301	2.9625	963	NAN	
128.401	2.964	963.5	NAN	
128.501	2.964	963.5	NAN	
128.601	2.9685	964	NAN	
128.701	3.0015	967.5	NAN	
128.801	3.018	971	NAN	
128.901	3.0285	973	NAN	
129.001	3.033	974.5	NAN	
129.101	3.0345	974.5	NAN	
129.201	3.033	974.5	NAN	
129.301	3.0315	975	NAN	
129.401	3.033	974.5	NAN	
